1.000000000000000000e+00 0.000000000000000000e+00 0.000000000000000000e+00 0.000000000000000000e+00 0.000000000000000000e+00 1.000000000000000000e+00 0.000000000000000000e+00 0.000000000000000000e+00 0.000000000000000000e+00 0.000000000000000000e+00 1.000000000000000000e+00 0.000000000000000000e+00
2.778948091603673509e-01 9.364729101725255411e-01 -2.139929053840903261e-01 7.938897248285745056e-02 -2.141587065308802607e-01 2.775578675261947126e-01 9.365349318585676208e-01 6.707536345869978545e-02 9.364350075999634537e-01 -2.144297523370126135e-01 2.776857177709075586e-01 1.195450735697254074e-01
9.769647796512641591e-01 -1.671134517610205761e-01 1.327136525059642858e-01 3.891675930341513823e-01 1.793191634511183408e-01 9.800249610294909930e-01 -8.599833357883074347e-02 -1.099495489955165106e-01 -1.156912137551849573e-01 1.078154441611302305e-01 9.874165144761304358e-01 2.499018932916743929e-01
9.996618256595721785e-01 1.711240774159327252e-02 -1.958059805666096873e-02 1.669292514886499545e-01 -1.651564326410222619e-02 9.994061044576947328e-01 3.024354311697498299e-02 1.440990615375338235e-01 2.008650906812757889e-02 -2.990992935432761762e-02 9.993507533791502473e-01 1.623604183805590906e-01
-2.293869882205352706e-01 2.991528549869978404e-01 9.262230719369067833e-01 1.962471282113807114e-01 9.296016825346778978e-01 -2.147059864054532419e-01 2.995697768973990538e-01 2.149423801974899018e-01 2.884827923183773679e-01 9.297359349593785627e-01 -2.288422377564995891e-01 2.460310806820545926e-01
-1.999822024108881546e-01 2.498060008933449816e-01 9.474196961413481333e-01 1.492058714712695966e-01 9.493294121623034876e-01 -1.898674589259674583e-01 2.504476297443665733e-01 1.701170209056890315e-01 2.424474910624274115e-01 9.494984517937195001e-01 -1.991780713805213487e-01 1.819149708133623866e-01
5.147175360841343972e-01 7.974330661708834977e-01 -3.149069116815015890e-01 2.194152939799978719e-01 -3.037076481915527704e-01 5.130684078374425638e-01 8.028215700322878234e-01 1.768757672561340200e-01 8.017652539724042793e-01 -3.175867028961616434e-01 5.062718278416362683e-01 2.378019428438583605e-01
8.944757069422705209e-01 3.630545613360093848e-01 -2.609685712557034409e-01 1.354025943082447780e-01 -2.533550829830821249e-01 8.924788271574833898e-01 3.732194327768028064e-01 8.884326060003389092e-02 3.684079418481107093e-01 -2.677180019511588016e-01 8.902823483673695248e-01 1.235543214470165296e-01
5.438043794605529335e-01 -3.212150909186325398e-01 7.753048834140396917e-01 9.062981765941998530e-03 7.739272792911618959e-01 5.492021098820857317e-01 -3.152992370273759448e-01 2.620098973301044146e-02 -3.245202046845511723e-01 7.714907049778372272e-01 5.472556339447745000e-01 4.764980993273880416e-02
8.797285787751115693e-01 3.925439239106273681e-01 -2.683037373708572759e-01 -5.822182380791780104e-02 -2.720420865885295192e-01 8.783410301872700554e-01 3.930777757825085761e-01 -3.218175464620985637e-02 3.899624735931412345e-01 -2.728118444833593781e-01 8.794901743048104681e-01 -1.723194041784857633e-02
9.263993117394913046e-01 3.013351793035693449e-01 -2.257906661549197169e-01 -6.253176071245077072e-02 -2.284599735048881974e-01 9.264706065418154557e-01 2.990957300266696151e-01 -3.190318827259149004e-02 2.993164808605475180e-01 -2.254979488335234206e-01 9.271247593269911214e-01 -5.537594442827615399e-02
-3.283992236196722203e-01 5.997415491672442034e-01 7.297013252889640311e-01 -1.001161479478729355e-01 7.290632663982683503e-01 -3.302184176650864167e-01 5.995185987302262820e-01 -4.980880028426658279e-02 6.005170301620795792e-01 7.288798740788775543e-01 -3.288060608444975941e-01 -4.758716332647531383e-02
5.082610438853560897e-01 8.026513050125206883e-01 -3.121243243168752013e-01 -1.079431139777231041e-01 -3.115894003943183721e-01 5.092647447415595829e-01 8.022228277263266927e-01 -1.147530439563613641e-01 8.028591139362357687e-01 -3.104839807864682166e-01 5.089370696309227782e-01 -1.013064639853696047e-01
1.243432825800580011e-01 9.863876934815366537e-01 -1.076014229710288705e-01 -2.661419557419602011e-01 -1.107483261168596966e-01 1.215620948875649754e-01 9.863860630345810954e-01 -2.345091773916710420e-01 9.860393279882551099e-01 -1.107338034871063193e-01 1.243562158709784482e-01 -2.076103838426685833e-01
-3.297916292738924948e-01 6.340943997827220846e-01 6.994010104547044859e-01 -2.746720306965129144e-01 6.981529384167689534e-01 -3.348715836305511395e-01 6.328060501107735103e-01 -1.997686358747823299e-01 6.354682964876402496e-01 6.969830088610173835e-01 -3.322570232788772948e-01 -1.955524681548306554e-01
-5.683981475086863355e-03 9.999206194227241440e-01 1.124487473770086066e-02 -2.460068099992454016e-01 3.611629999424437187e-03 -1.122445557602613775e-02 9.999304814464697877e-01 -1.828676164799860060e-01 9.999773239845682893e-01 5.724198659858792393e-03 -3.547543708588118960e-03 -1.789553764479091813e-01
-3.293828781261709526e-01 6.622645659362488280e-01 6.729877891184891103e-01 -2.796427984656120191e-01 6.703780867584981928e-01 -3.378979408537023943e-01 6.606195594749244560e-01 -1.856869183718180549e-01 6.649061139674800058e-01 6.687530383273780910e-01 -3.326698563689904908e-01 -1.905432610668438553e-01
1.672131822762148445e-01 -1.383124119289637632e-01 9.761707987741972126e-01 -2.829916248344701568e-01 9.753712703371915094e-01 1.676606394752956364e-01 -1.433206020485128240e-01 -2.029168923391881096e-01 -1.438424022111511325e-01 9.760940460207344627e-01 1.629410219956837214e-01 -1.992745467818264060e-01
4.257793421880170515e-01 -2.851087813079807853e-01 8.587344959805780498e-01 -1.990728613150161697e-01 8.582268466035022358e-01 4.278977191682131753e-01 -2.834611467197038492e-01 -1.715084919043859402e-01 -2.866332701117369486e-01 8.576808991412359084e-01 4.268780197121107012e-01 -1.650969012705254535e-01
-3.047729450647747029e-01 8.724982023127709763e-01 3.819166648858455804e-01 2.401219536241454011e-01 4.186462189973008119e-01 -2.374552584222748841e-01 8.765559557534676749e-01 -2.885983514079166756e-01 8.554816159776950091e-01 4.270385078755707942e-01 -2.928981350497099623e-01 9.723668810874480650e-02
8.951669117606138038e-01 3.588257356379515040e-01 -2.644244533564331645e-01 2.273331351244292364e-01 -2.487266243228247742e-01 8.944128542056062336e-01 3.716997613461075489e-01 1.355050224778658330e-01 3.698800703497526765e-01 -2.669639257945984334e-01 8.898983064836105683e-01 1.761381006872567156e-01
9.325819625972224802e-01 -2.198407161596011850e-01 2.862882158887202211e-01 1.917818053442447435e-01 2.841197754085503790e-01 9.362756746025739929e-01 -2.065522073696860195e-01 1.842838407397139611e-01 -2.226361072694806875e-01 2.739670065280280231e-01 9.356149010538277189e-01 2.022860130331465278e-01
8.968484778536816027e-01 -2.556238251381737214e-01 3.609976008137210646e-01 1.902786755625471282e-01 3.554357333633526572e-01 9.022527979961521005e-01 -2.441420241510471323e-01 2.022869938011780666e-01 -2.633025773136107861e-01 3.472698497276192064e-01 9.000418902752065353e-01 2.295011656393697863e-01
9.959657169906799279e-01 4.248593050761941686e-02 -7.903946032294589807e-02 3.074521809020908103e-01 -3.435162409337643580e-02 9.942352232420734737e-01 1.015691231966274199e-01 -1.728540136947653849e-01 8.289907418896888536e-02 -9.844423077908653896e-02 9.916836576877354759e-01 1.871975149720309095e-01
-3.188883436039975372e-01 8.475208826766316150e-01 4.242859622242083351e-01 2.891303366117918827e-01 4.587801674029931553e-01 -2.536896446435417118e-01 8.515646318385442504e-01 -2.173741473468737140e-01 8.293557634159063330e-01 4.662080196947034905e-01 -3.079271018620519662e-01 1.732509266947054316e-01
-3.593702662554281169e-01 5.699985874001050057e-01 7.388874217994161331e-01 2.177662593419998349e-01 7.542626766999118715e-01 -2.888073209921446782e-01 5.896423881293011426e-01 -2.826471366135874241e-01 5.494914251096079116e-01 7.692151465638374930e-01 -3.261398964061084094e-01 6.631800406102145162e-02
-1.678442373054696013e-01 9.743623242788379546e-01 1.498211367907933411e-01 2.760753107066527545e-01 1.962378621721900251e-01 -1.159123492868905370e-01 9.736811740672006721e-01 -2.116040452652983572e-01 9.660843718089189291e-01 1.928273536320361803e-01 -1.717515596372618525e-01 1.736422447835010430e-01
3.218020891845529974e-01 -2.737486542397639666e-01 9.063691795832287124e-01 3.131937606555207365e-01 9.053375548868167755e-01 3.691768734898318582e-01 -2.099341510851262527e-01 -1.610486254843392917e-01 -2.771413486075597343e-01 8.881273052790297218e-01 3.666368264506338903e-01 1.831855951016918838e-01
-4.936757155211934922e-02 2.790794694014775423e-03 9.987767790372491516e-01 3.404345195864778018e-01 9.986548769524875580e-01 1.600901739640070431e-02 4.931681357319744885e-02 -1.349106173717774526e-01 -1.585180172908240426e-02 9.998679526952434227e-01 -3.577367043546830772e-03 1.991987017291078355e-01
2.690191541688611299e-01 -2.448764065555671388e-01 9.314849650975067785e-01 3.353772957077346129e-01 9.298664328891541597e-01 3.180310091504690018e-01 -1.849451113296450289e-01 -1.196347677897906803e-01 -2.509524091860267370e-01 9.159103792026637159e-01 3.132587837436680012e-01 2.098216720570435234e-01
9.633390510851436161e-02 9.866488278680682900e-01 -1.313159137085498362e-01 2.235634734162337267e-01 -6.901858621525969184e-02 1.382334644490461617e-01 9.879918744925292318e-01 -3.169782760341564032e-01 9.929532786004542366e-01 -8.611387677361770354e-02 8.141367663745247008e-02 7.934808507715891690e-02
-3.273798924222592888e-02 9.992996185699307699e-01 -1.812446927132177477e-02 2.153039467294767806e-01 4.344208970419916049e-02 1.953978718594862052e-02 9.988648464926875858e-01 -3.442057566839084592e-01 9.985194083754749261e-01 3.191346177898946035e-02 -4.405135701397600023e-02 6.637331807162608066e-02
-3.692253651907659862e-01 6.658621811557304815e-01 6.483056265422030284e-01 2.073751007723291517e-01 6.725502958974808321e-01 -2.899845538818217605e-01 6.808708085960004652e-01 -3.514994366508790158e-01 6.413647395889144898e-01 6.874129139145508383e-01 -3.407561541565313767e-01 4.874352226042991121e-02
-3.604562337339467515e-01 5.754891548880755048e-01 7.340868723581343014e-01 2.437189775732282460e-01 7.520128840416212546e-01 -2.863163286428660470e-01 5.937167524905072602e-01 -2.812319608006176308e-01 5.518586103321595493e-01 7.660516905266118171e-01 -3.295707536229188772e-01 1.062756054222666890e-01
-3.659947007427526433e-01 6.489731998144466774e-01 6.669945014397207217e-01 3.023762592142885675e-01 6.891078729427241312e-01 -2.926965584835103940e-01 6.629170868971954178e-01 -2.220522561721850474e-01 6.254424181941753424e-01 7.022553029878149111e-01 -3.400871519903612139e-01 1.738198630420907387e-01
2.274780343094346957e-01 -2.215477723010676470e-01 9.482459219501816472e-01 3.399483783993987873e-01 9.459430209021775227e-01 2.814554614243834907e-01 -1.611664494888739863e-01 -1.380686320106827292e-01 -2.311829256523457721e-01 9.336484390940851252e-01 2.735965041150933974e-01 2.199978829441366912e-01
4.615418156542601125e-01 -3.298333267892637477e-01 8.235223912813153246e-01 3.433280704975004705e-01 8.245139016008897759e-01 5.020397015722687373e-01 -2.610229187487294600e-01 -1.297520411112961791e-01 -3.273468778978155802e-01 7.994786517377148183e-01 5.036644785432048410e-01 2.182344438852719393e-01
8.505229508524402293e-01 -3.166511460899732455e-01 4.199318537014831709e-01 3.551642182789895852e-01 4.412262071361896520e-01 8.641371181187541550e-01 -2.420464319621888905e-01 -1.353054365300609685e-01 -2.862344217760501297e-01 3.911509846201600693e-01 8.746832358180929301e-01 1.893977125454879284e-01
7.944403765613419210e-01 -3.385795869991098384e-01 5.042106220188001808e-01 3.278440567593325361e-01 5.160898559118485274e-01 8.140037622493601077e-01 -2.665504373824486573e-01 -1.247162236822921683e-01 -3.201808062860118098e-01 4.719764171136090480e-01 8.214149456727944942e-01 2.288473229679806598e-01
1.012785880565424401e-01 -1.334128751350252551e-01 9.858720263550841967e-01 3.376576454883762346e-01 9.841432371189968720e-01 1.584844116692303295e-01 -7.965412789554937589e-02 -1.248963699503847363e-01 -1.456184618591193636e-01 9.783065450082937264e-01 1.473484562515674501e-01 2.002837424656987442e-01
