1.000000000000000000e+00 0.000000000000000000e+00 0.000000000000000000e+00 0.000000000000000000e+00 0.000000000000000000e+00 1.000000000000000000e+00 0.000000000000000000e+00 0.000000000000000000e+00 0.000000000000000000e+00 0.000000000000000000e+00 1.000000000000000000e+00 0.000000000000000000e+00
5.333292711132378017e-01 8.335375065158781016e-01 -1.441357478390243307e-01 1.236289744474674684e-01 -5.300304435825424765e-01 4.620834245347881231e-01 7.110180290582623908e-01 4.365260863819524911e-02 6.592629349883973866e-01 -3.028103928227945385e-01 6.882428703219446442e-01 1.268091018823758465e-01
4.826597990956714712e-01 6.298143705777367041e-01 6.085830896029692516e-01 2.615564893380629141e-01 -3.162173512481533111e-01 -5.226871873446419237e-01 7.917099790676821458e-01 1.097744776201874800e-01 8.167289055167131773e-01 -5.745711120475142097e-01 -5.312186079153180529e-02 2.472522086880296344e-01
4.213506738955213882e-01 -6.188367728088700614e-02 9.047839632166262414e-01 3.223056861122300942e-01 -3.133967118081206205e-01 -9.461413957249025231e-01 8.123398502838737045e-02 8.030997675491644006e-02 8.510265040735499609e-01 -3.177843133037399070e-01 -4.180514556635621659e-01 2.561121259497798341e-01
6.893479902477925858e-01 -1.365257998374127812e-01 7.114492633491751317e-01 3.878109187506982858e-01 -3.867697619146115429e-02 -9.876163325106745994e-01 -1.520462800296354944e-01 2.316401363230366495e-02 7.233971522296824830e-01 7.729609134309368967e-02 -6.860917390619611922e-01 2.716981388466981895e-01
8.761795777787333428e-01 -8.196503594976106699e-02 4.749642937792640240e-01 1.752323093927587450e-01 1.457613092969582413e-01 -8.942307022292608210e-01 -4.232080952706371857e-01 2.217545199882366980e-01 4.594159207031435765e-01 4.400377075573395080e-01 -7.715593481594047454e-01 2.390549888082579844e-01
9.599545500657435948e-02 9.758783189457875817e-01 1.960774827195218284e-01 5.596536294520489951e-01 -8.187162630296509480e-01 1.894458241810582644e-01 -5.420460869253859171e-01 -1.556442586668445038e-01 -5.661170844170347882e-01 -1.084978631674523852e-01 8.171533885503092787e-01 2.231178006692808857e-01
5.978540461754360269e-01 -1.184485870848384637e-01 7.928054437813006894e-01 9.472808285458481636e-01 -1.174989795483167010e-01 -9.912891079477992307e-01 -5.949701059011993504e-02 -5.159473384809252217e-01 7.929467379822959794e-01 -5.758330210800721022e-02 -6.065637922276387872e-01 3.250512525456673574e-01
4.369145225570559843e-01 8.974343478656739981e-01 -6.096959282832958849e-02 1.122017470119188509e+00 -4.758946389369521635e-01 1.731060268299422500e-01 -8.622984379588192194e-01 -6.892056787419473807e-01 -7.633020323632107029e-01 4.057658126876436122e-01 5.027167320113070659e-01 2.930833849709325589e-01
5.825782819883851271e-01 -1.127433653756483301e-01 8.049170633793488738e-01 1.076499539549100160e+00 -1.166170356668621566e-01 -9.916805783783639860e-01 -5.449860052723640852e-02 -6.592510474619152072e-01 8.043649745903506121e-01 -6.211734082304676968e-02 -5.908793646941294941e-01 2.676764972306583945e-01
7.433439032250543921e-02 9.721555702870341431e-01 2.222339883439815866e-01 1.009456915181433212e+00 -8.211176804764233061e-01 1.861278947715411247e-01 -5.395573756301850210e-01 -6.042518315746041591e-01 -5.658976526054865230e-01 -1.423725884705537847e-01 8.120898305161778907e-01 2.480336793121654670e-01
8.934066672636609141e-01 -6.092329094388224814e-02 4.450987300694144166e-01 8.836290778054285422e-01 1.618880770902663691e-01 -8.805398608176855380e-01 -4.454680729381030324e-01 -4.605646738551781860e-01 4.190665548392693007e-01 4.700403239422530910e-01 -7.768174280250204067e-01 2.901625430986795040e-01
-1.226412320918981447e-01 7.623346900812588700e-01 6.354564882741324805e-01 4.830443569885292665e-01 -9.923537581390278195e-01 -8.522931093606556097e-02 -8.927476275360307634e-02 -1.152440843266451242e-01 -1.389772997038968283e-02 -6.415464011714779868e-01 7.669583223654302673e-01 2.253437928604186680e-01
9.232496297302158483e-01 3.841840512883837322e-01 3.568744690205571946e-03 -8.522204129561367081e-03 1.525837956317388500e-01 -3.581244051066385659e-01 -9.211216509113379081e-01 4.380414776417878020e-01 -3.526021930074046962e-01 8.509697557508500987e-01 -3.892584851788181144e-01 2.247510939268557162e-01
1.762548327130669668e-01 1.363891711903219284e-01 9.748498489138242018e-01 -5.435937938918791179e-01 -6.079468713537576896e-01 -7.638105389724669791e-01 2.167811388607581990e-01 8.843038418558574199e-01 7.741671883750089744e-01 -6.308656390520938073e-01 -5.170792885938158001e-02 2.097230752347356009e-01
3.472880188682346825e-01 9.371814175586613560e-01 3.289411092148580851e-02 -1.070105814714376713e+00 -5.345619943112031036e-01 2.266671347871030973e-01 -8.141655140359573828e-01 1.321584778789891779e+00 -7.704768044455370113e-01 2.651659868651023433e-01 5.797003477843103436e-01 1.541880746546026026e-01
8.270685141548206332e-01 -8.889478704541872722e-02 5.550273774597853649e-01 -1.681858115264863063e+00 1.052866117963407178e-01 -9.454395274444622466e-01 -3.083161191407905455e-01 2.026322468093926243e+00 5.521525172180092866e-01 3.134355065747037039e-01 -7.725838342523576596e-01 4.668784302855957802e-02
1.078540966795393796e-02 7.872166432007281500e-01 6.165822180423888854e-01 -2.506804897675386279e+00 -9.963552841002232263e-01 6.063912075366340027e-02 -5.999204013688874682e-02 2.573107115483292517e+00 -8.461573602975891450e-02 -6.136879122990774871e-01 7.850014799439183344e-01 -4.250572215936979092e-02
7.827776364701153344e-01 6.150705313713720201e-01 -9.459076741838001734e-02 -3.111836472633175532e+00 -8.567987437288759889e-03 -1.413348713354765085e-01 -9.899247667049546617e-01 3.176510516062642786e+00 -6.222425262174985372e-01 7.757014216714590571e-01 -1.053638599489556960e-01 -3.870761891820868189e-02
4.995021320554970945e-01 -4.691852845432804842e-02 8.650411965679398740e-01 -3.678404258876829314e+00 -1.766738592047273904e-01 -9.830640538477886103e-01 4.869716117045187753e-02 3.663465952623551569e+00 8.481061063013997092e-01 -1.771545023984239520e-01 -4.993318683343235254e-01 -2.307027808200161623e-01
8.321388557844957568e-01 -9.454706299444999573e-02 5.464483301948993565e-01 -4.259748302425402144e+00 1.197210596464321902e-01 -9.314973620709112723e-01 -3.434814876118801319e-01 4.323231248443065056e+00 5.414903439312704903e-01 3.512456652174632543e-01 -7.638158744718108739e-01 -2.038709621612886380e-01
7.900811732046999492e-01 5.950985117011546865e-01 -1.470697151644610734e-01 -4.830342691886923667e+00 -9.665971906574505335e-02 -1.159723502480749513e-01 -9.885379672466149126e-01 4.921686724100842625e+00 -6.053334935864826960e-01 7.952409542704707013e-01 -3.410551558582897158e-02 -2.342168211848725257e-01
2.398390921072429682e-01 9.687272467787622077e-01 6.359820159102907988e-02 -5.429611133136128309e+00 -6.697723857681623372e-01 2.125343382288579219e-01 -7.115013045216754817e-01 5.464677090453642805e+00 -7.027675014964749334e-01 1.280495076994097037e-01 6.998008019560573167e-01 -2.181809990270829336e-01
-1.234881441156627790e-01 7.705764013280700375e-01 6.252700920235600979e-01 -5.948775669454645865e+00 -9.901789515891252780e-01 -5.406276499780005018e-02 -1.289296756788523846e-01 5.885695263186846660e+00 -6.554633546378285658e-02 -6.350505705509401633e-01 7.696846437016882092e-01 -1.006145126585429872e-01
6.217796892617344362e-02 1.981157893666015135e-01 9.782044950744526179e-01 -6.369796153956760243e+00 -7.385740670169989031e-01 -6.500828334241863793e-01 1.786075508402489298e-01 6.602325279212683640e+00 6.712989257478265692e-01 -7.335819270475731901e-01 1.059023540766855787e-01 1.508229781251463342e-02
6.214671106922411425e-01 -1.474943340505842082e-01 7.694309921954094467e-01 -6.955321595468071827e+00 -1.458384992858556828e-01 -9.867317040695631203e-01 -7.135598300090506552e-02 7.187568964281797257e+00 7.697465572861543759e-01 -6.786726461962830359e-02 -6.347316534876468186e-01 -1.211509799188294212e-01
-1.849496275818618418e-01 -6.980051986977298117e-01 6.917964858600205158e-01 2.725262987413244797e+00 2.879176569358968263e-01 -7.115380703522964367e-01 -6.409500739245405088e-01 7.034859712363279449e+00 9.396260203303621328e-01 8.063694581439395659e-02 3.325667224600991068e-01 -9.732809498659031888e+00
-4.062269560303379823e-01 -8.803764625751658857e-01 -2.447793789067273518e-01 1.280299944122284650e+01 8.778197040949405894e-01 -3.015798589586613510e-01 -3.721319064164542167e-01 -1.688237153142548408e+00 2.537956408155910837e-01 -3.660421735457696224e-01 8.953216739747185127e-01 -6.531666064449959563e+00
2.380255118571065198e-01 -4.635173513794075273e-01 -8.535194905070307980e-01 1.052407568515505787e+01 8.763764095110542218e-01 -2.763334308503069270e-01 3.944670123686032648e-01 -7.788164653644551905e+00 -4.186982738890566713e-01 -8.418975590680363164e-01 3.404412658265841829e-01 5.530585020918376671e+00
9.314466976646444962e-01 2.435133555116211768e-02 -3.630620633810465181e-01 -1.168776633411630073e+00 2.854166362180673433e-01 -6.677896627471420210e-01 6.874549513226466679e-01 -3.453738151825154645e+00 -2.257086466655447987e-01 -7.439515970712973214e-01 -6.289607523808422584e-01 1.122184690211270741e+01
7.953716443165943506e-01 -3.497060626840960140e-02 6.051123896552912385e-01 -7.404016500467303530e+00 -1.462280910747958962e-01 -9.799168783223517476e-01 1.355738063181793907e-01 5.904390969602962613e+00 5.882187457041285761e-01 -1.963159908825510835e-01 -7.845117838031909763e-01 3.382987712742168362e+00
2.227129875547739779e-03 -5.663136946685838335e-01 8.241867744166581078e-01 -2.256874105111608131e-01 1.283985415458330503e-01 -8.172047411616338852e-01 -5.618631733365783143e-01 8.509813348555759660e+00 9.917201492464596813e-01 1.070757220557713441e-01 7.089383135939819613e-02 -8.000503665010171517e+00
-4.429580046020227257e-01 -8.963893692228533938e-01 1.656215273597735904e-02 1.132523478241508386e+01 7.613048613386216301e-01 -3.858330680058290607e-01 -5.211024388115946815e-01 1.142775954572405439e+00 4.735009126297191617e-01 -2.182176490970991756e-01 8.533334303549571231e-01 -8.451576577558956416e+00
2.393020954049740467e-02 -6.069439994538067262e-01 -7.943842436745367497e-01 1.266706619606559414e+01 9.505070009286115118e-01 -2.324121736749291678e-01 2.062062625464891052e-01 -6.779925031924778800e+00 -3.097802225079011595e-01 -7.600023441113274991e-01 5.713428486366507464e-01 2.653863881050400053e+00
8.112768620073871340e-01 -6.474674184127440779e-02 -5.810660139712064964e-01 2.154517876635352991e+00 4.562584782871914602e-01 -5.513485261149373429e-01 6.984575890789240793e-01 -5.137387273018306999e+00 -3.655927435856781704e-01 -8.317587764321011656e-01 -4.177550522323709714e-01 1.129613833781415622e+01
9.213998416185054108e-01 4.316004056398774213e-02 3.862117848589141089e-01 -6.836485078950399696e+00 -9.515632730799343519e-02 -9.385036274514098054e-01 3.318978979050636879e-01 4.070750311357548057e+00 3.767858877912590443e-01 -3.425611655734797645e-01 -8.606301427455886888e-01 6.576755081108521139e+00
2.147574021256982713e-01 -4.199571560173680496e-01 8.817682492253990922e-01 -2.858035666052096246e+00 -5.015086043867245102e-03 -9.032959560060320747e-01 -4.289886534340061064e-01 9.258139335280375803e+00 9.766545485196871379e-01 8.770634511227320962e-02 -1.960956141346696935e-01 -5.471624296522088926e+00
-4.132322583066410093e-01 -8.672618460786658545e-01 2.776616484698929410e-01 9.103600726782962838e+00 6.124602090006399102e-01 -4.903387248626540629e-01 -6.200487297712651280e-01 3.933301505624633876e+00 6.738928646941488854e-01 -8.616742561021112357e-02 7.337871501178132583e-01 -9.529439858778648187e+00
-1.668153909880216723e-01 -7.319542774105046723e-01 -6.606175604008565072e-01 1.394630590953251037e+01 9.748390311554583354e-01 -2.229084868628550264e-01 8.184255614699376125e-04 -5.074729282587075119e+00 -1.478563108744457288e-01 -6.438592565654222000e-01 7.507221650315255568e-01 -4.023319885154208464e-01
6.417621849794352684e-01 -1.854887139569103560e-01 -7.441338823928344004e-01 5.588677404587869546e+00 6.229349887573610856e-01 -4.398780416877983157e-01 6.468843082211643836e-01 -6.269780822049210833e+00 -4.473178933513476396e-01 -8.786929187352765513e-01 -1.667496832146713182e-01 1.039685352869773460e+01
