1.000000000000000000e+00 0.000000000000000000e+00 0.000000000000000000e+00 0.000000000000000000e+00 0.000000000000000000e+00 1.000000000000000000e+00 0.000000000000000000e+00 0.000000000000000000e+00 0.000000000000000000e+00 0.000000000000000000e+00 1.000000000000000000e+00 0.000000000000000000e+00
2.778948091603673509e-01 9.364729101725255411e-01 -2.139929053840903261e-01 7.938897248285745056e-02 -2.141587065308802607e-01 2.775578675261947126e-01 9.365349318585676208e-01 6.707536345869978545e-02 9.364350075999634537e-01 -2.144297523370126135e-01 2.776857177709075586e-01 1.195450735697254074e-01
9.769647796512644922e-01 -1.671134517610198822e-01 1.327136525059631478e-01 3.891675930341494949e-01 1.793191634511173693e-01 9.800249610294912150e-01 -8.599833357882948059e-02 -1.099495489955173710e-01 -1.156912137551841802e-01 1.078154441611286624e-01 9.874165144761306578e-01 2.499018932916739488e-01
9.996809784094501383e-01 1.658770519593298978e-02 -1.904703238453042333e-02 1.660494578852755865e-01 -1.601840867998071891e-02 9.994316180636572122e-01 2.966228915679042580e-02 1.444368094877252207e-01 1.952823570335148265e-02 -2.934772309724803865e-02 9.993784864401081824e-01 1.629009947914577539e-01
-2.185076760302444576e-01 2.796267957400124238e-01 9.349134990040708360e-01 1.955417659035202926e-01 9.380446507848427817e-01 -2.038498365351069097e-01 2.802097023276534649e-01 2.156373015752235944e-01 2.689361051435891770e-01 9.382185775440514686e-01 -2.177596659195930595e-01 2.460304792754627878e-01
-1.972510702557990214e-01 2.452444110879290484e-01 9.491823819019593600e-01 1.487960357638778430e-01 9.510488680350916990e-01 -1.870862144393781179e-01 2.459772326373193541e-01 1.701798010075432355e-01 2.379034802017674366e-01 9.512381022629814442e-01 -1.963364635288344928e-01 1.822636985329580961e-01
5.115177202216601993e-01 7.998023175379590510e-01 -3.141112458352055548e-01 2.188115219691479374e-01 -3.028686847324840725e-01 5.099113571366286068e-01 8.051465504313464194e-01 1.768910928472032240e-01 8.041269686483909496e-01 -3.167122680351854846e-01 5.030637708763754379e-01 2.383951819726203292e-01
8.924674681925636177e-01 3.667329497580653630e-01 -2.626951879644998100e-01 1.349350343340127434e-01 -2.549849614587064162e-01 8.904783092425556656e-01 3.768700707119385651e-01 8.876933666966760339e-02 3.721350395325029869e-01 -2.693609554673206397e-01 8.882343091897962895e-01 1.241038769040225531e-01
5.325304652427891305e-01 -3.187160107403328446e-01 7.841118594218982052e-01 8.623556498314140922e-03 7.827138785006488853e-01 5.380092979669182096e-01 -3.128977144429391233e-01 2.628388808279338504e-02 -3.221339596980888897e-01 7.803628001121732938e-01 5.359697866580896974e-01 4.800692455041091072e-02
8.757865521113008533e-01 3.993582364795013051e-01 -2.711289621139400530e-01 -5.843031002711365773e-02 -2.749249831591539239e-01 8.743742107943461850e-01 3.998574660209601728e-01 -3.207615134435663762e-02 3.967545447451593099e-01 -2.756496661593245134e-01 8.755587317652164803e-01 -1.712908311666577754e-02
9.251725690481974462e-01 3.040028547572071194e-01 -2.272399211851358070e-01 -6.244191686893633964e-02 -2.299103356761506844e-01 9.252479729771864170e-01 3.017572303208118090e-01 -3.200128559297386877e-02 3.019883359171973147e-01 -2.269327054460774928e-01 9.259074425496782723e-01 -5.536923318044018050e-02
-2.976328023961372082e-01 8.315605087709254661e-01 4.689582446129521021e-01 -1.052960119246522525e-01 4.671898062794367923e-01 -3.015140727812957167e-01 8.311575956600636417e-01 -4.900564882480259316e-02 8.325553434135199993e-01 4.664722758830099902e-01 -2.987561145585486688e-01 -4.317917945760747778e-02
-3.092157017826773213e-01 5.030984623756472596e-01 8.070177116558882036e-01 -1.516751265608842214e-01 8.102090148125945523e-01 -3.049669180932719215e-01 5.005562218024035559e-01 -1.235973991822865714e-01 4.979427698917334721e-01 8.086328685033472574e-01 -3.133143499563932899e-01 -5.463593196392475815e-02
8.315187023158199242e-02 9.937869566549889511e-01 -7.398142509715099902e-02 -2.688311553124386188e-01 -7.714742013572373214e-02 8.043520711932339307e-02 9.937698189329728926e-01 -2.333857478198235746e-01 9.935461952236505079e-01 -7.692634293976780002e-02 8.335643777490109319e-02 -2.100841206835205865e-01
-3.260474532251511626e-01 5.943921067075295106e-01 7.351129720860447581e-01 -2.758317175492372986e-01 7.338698100685059345e-01 -3.310411341132100116e-01 5.931668141383628079e-01 -1.982468578685263327e-01 5.959263042653917264e-01 7.328777462911701956e-01 -3.282713037652960075e-01 -1.986105076794241198e-01
-4.271209042633561381e-02 9.978411978384832404e-01 4.988608250477338801e-02 -2.471716522473203226e-01 4.237101103891316445e-02 -4.807757765744424816e-02 9.979445094543746286e-01 -1.817900059522514766e-01 9.981885466959399267e-01 4.473801988077857894e-02 -4.022604656431272296e-02 -1.815581993906249525e-01
-3.278194494392798752e-01 6.234710426426380847e-01 7.098015691412842276e-01 -2.802032888406620903e-01 7.072861182831534643e-01 -3.361280596294380363e-01 6.219037501203045215e-01 -1.840363456254416885e-01 6.263232036682631065e-01 7.059049415578918518e-01 -3.307830981638462120e-01 -1.938836474642324781e-01
3.570016325914567856e-01 -2.519205204219313599e-01 8.994920153716641220e-01 -2.783185500320987660e-01 8.980736759662394375e-01 3.574311773535725489e-01 -2.563330372623187081e-01 -1.999125503722247177e-01 -2.569309379259742676e-01 8.993214135368858830e-01 3.538467016809638821e-01 -2.092506114438530684e-01
6.174502296225683473e-01 -3.309397067356481537e-01 7.136064212468670176e-01 -2.253945825943756698e-01 7.125559527910330093e-01 6.195879282543659272e-01 -3.292033008697300422e-01 -2.002141772746503512e-01 -3.331954802831228468e-01 7.117511571238827051e-01 6.183777666214343993e-01 -1.901692610132948436e-01
9.102118415855746658e-01 -2.411080515752860864e-01 3.367214143813339611e-01 -2.440312061962056633e-01 3.311402737440838906e-01 9.119959531775678752e-01 -2.420939910291717567e-01 -1.966891645404372502e-01 -2.487177567888750884e-01 3.318588387451940624e-01 9.099501022608884604e-01 -1.721863948869590821e-01
-2.577603735040097099e-01 8.919374308818865948e-01 3.714932156081632297e-01 -2.623178183670375474e-01 3.724035647449780995e-01 -2.630681402084402709e-01 8.900060328854548786e-01 -2.049457764058525977e-01 8.915577237713252501e-01 3.677536852284313262e-01 -2.643521367127594779e-01 -1.480674433112185717e-01
4.155959231422423628e-01 8.660079175101217386e-01 -2.780473259668751473e-01 -2.445953280929484830e-01 -2.840941813986977982e-01 4.139989169459383778e-01 8.648094546563385165e-01 -2.145394122166084938e-01 8.640431266800003840e-01 -2.804196561893838591e-01 4.180840724778647211e-01 -2.016000089137996998e-01
4.859638419666882925e-01 8.203064613863116916e-01 -3.015567172338280422e-01 -2.613472657356584183e-01 -3.135040724563730175e-01 4.856907053119214890e-01 8.159777786967469249e-01 -2.017693821171907542e-01 8.158151388974370644e-01 -3.019964373655351642e-01 4.931975374677772805e-01 -2.390663835423992301e-01
6.998967638030957339e-01 6.348614089423836315e-01 -3.272545056277226250e-01 -2.718924371371530535e-01 -3.436945561900567325e-01 7.010071274185467605e-01 6.248704340531062718e-01 -1.772894379456030622e-01 6.261138650942603689e-01 -3.248692025170882847e-01 7.088310300717919343e-01 -2.586169638954651240e-01
9.991014318842712516e-01 -2.733386775613201938e-02 3.239117905061699582e-02 -2.751040736751924620e-01 2.851432705773651252e-02 9.989245582688427438e-01 -3.656036159342190839e-02 -2.053260800462766156e-01 -3.135700813603361364e-02 3.745112229142953664e-02 9.988063633557152654e-01 -2.664023433386111250e-01
-9.209109809333737573e-02 9.899078748602965216e-01 1.077108580484584244e-01 -2.743084534787638140e-01 1.017039106128568293e-01 -9.825401039387449131e-02 9.899507381721439625e-01 -2.086026181528440882e-01 9.905430552065950245e-01 1.021202660155769437e-01 -9.162918231050865003e-02 -1.951441476219520632e-01
5.527855941823447417e-01 -3.221249057452493791e-01 7.685464409930515828e-01 -2.247700319465809338e-01 7.679256591524117326e-01 5.550533539788733428e-01 -3.196966628730075755e-01 -2.035035762575334584e-01 -3.236020223666811191e-01 7.669102420331974646e-01 5.541934786559439274e-01 -1.940046343314524857e-01
3.753249864934455893e-01 8.890362233919111290e-01 -2.621941036917928569e-01 -2.137499721343032455e-01 -2.645696137314665353e-01 3.738618828343158729e-01 8.889489366963452266e-01 -1.967789723041779848e-01 8.883321867430434837e-01 -2.642761549225129403e-01 3.755316763412834824e-01 -1.716328958563761165e-01
7.679374129677631888e-01 -3.201881846472927062e-01 5.547536896467208933e-01 -2.260204947857950009e-01 5.522584170527168324e-01 7.697193758966303090e-01 -3.202229272924245196e-01 -1.902228853827458988e-01 -3.244730659990234800e-01 5.522785608563608450e-01 7.679229262495164132e-01 -1.789005571701794972e-01
8.983455037680886379e-01 -2.531999273160278618e-01 3.589779278267915541e-01 -2.485413439264032853e-01 3.556455072827713892e-01 8.988786748914758817e-01 -2.559949237288206558e-01 -1.961988672000126721e-01 -2.578597079988247942e-01 3.576407759645182094e-01 8.975530326160444661e-01 -2.062918758088098936e-01
7.433776222815531298e-01 5.845602089468848739e-01 -3.250831782898014888e-01 -2.470434698256562256e-01 -3.268138089861051809e-01 7.414862861848584563e-01 5.859955816009023710e-01 -2.417204709932545825e-01 5.835944181938499398e-01 -3.293743303837754488e-01 7.422466608461242288e-01 -1.997104425276067241e-01
7.117190987469734775e-01 6.195674072742867189e-01 -3.310470545439336276e-01 -2.384893936081195764e-01 -3.305743696361405082e-01 7.112264349935727425e-01 6.203849968414788529e-01 -2.480392058923787668e-01 6.198197404233463104e-01 -3.321041794523994506e-01 7.110065424254436994e-01 -2.153529226047053158e-01
7.649238201106578483e-01 -3.185899324083663053e-01 5.598142588353306470e-01 -2.466635548644863507e-01 5.530528512037777844e-01 7.703730490877016557e-01 -3.172663061446799326e-01 -2.172073046380099681e-01 -3.301879664716599883e-01 5.522914268819952843e-01 7.654737661017259054e-01 -1.462062360995212973e-01
8.385601429434990095e-01 -2.932827335769156996e-01 4.591319253245525478e-01 -2.179809135575937473e-01 4.547295743049913908e-01 8.409312343542658663e-01 -2.933524728714798080e-01 -1.786168796318088892e-01 -3.000631615493310478e-01 4.547745565366018150e-01 8.385357486762011758e-01 -1.517267706140404127e-01
9.354588063361736205e-01 -2.121591015367978450e-01 2.826753213197074621e-01 -2.417218464956512880e-01 2.770274140323077949e-01 9.368064077218897223e-01 -2.136575913132524596e-01 -1.914222832338615676e-01 -2.194826497076100558e-01 2.781766886105074277e-01 9.351176911977546746e-01 -1.748327009460153847e-01
6.409181050938030921e-01 6.929178626070614522e-01 -3.302859643445820170e-01 -2.258852866146573157e-01 -3.349252706497548582e-01 6.395969536574540593e-01 6.919109768982518727e-01 -2.006532018485088775e-01 6.906873718573095511e-01 -3.328371562073053624e-01 6.420049702336240172e-01 -1.870131702662455320e-01
3.394587034411327142e-01 9.080894540709674168e-01 -2.452372974552561313e-01 -2.474491007914325635e-01 -2.484668080585459848e-01 3.380255324332770428e-01 9.077461014603133149e-01 -2.296698518434249492e-01 9.072111297549556586e-01 -2.472089861398493182e-01 3.403757970544395439e-01 -2.024905990202455486e-01
-8.098521517081191945e-02 9.925186947926010195e-01 9.136758402698935688e-02 -2.701374326598696696e-01 9.185187311858272752e-02 -8.384687662747536407e-02 9.922363300567180744e-01 -2.453107798793037198e-01 9.924739937793558564e-01 8.874875642513851970e-02 -8.437434387683451220e-02 -1.869003698038173844e-01
9.726225545960858199e-01 1.815451799985504100e-01 -1.450748562304235434e-01 -2.634057347334863297e-01 -1.549926089309643373e-01 9.719080138794317092e-01 1.771217201071385028e-01 -1.843967208141096825e-01 1.731550099412583754e-01 -1.497870494276200559e-01 9.734378163786376881e-01 -1.971056335671106663e-01
7.923377692581372589e-01 -3.134409044433839053e-01 5.234077366917231355e-01 -2.474191689591845322e-01 5.214462653245370838e-01 7.932852836471104840e-01 -3.143123464454044003e-01 -2.067555038742713291e-01 -3.166933087170160088e-01 5.219705529727102222e-01 7.919924810522078751e-01 -2.096293712632780193e-01
