1.000000000000000000e+00 0.000000000000000000e+00 0.000000000000000000e+00 0.000000000000000000e+00 0.000000000000000000e+00 1.000000000000000000e+00 0.000000000000000000e+00 0.000000000000000000e+00 0.000000000000000000e+00 0.000000000000000000e+00 1.000000000000000000e+00 0.000000000000000000e+00
9.999847157447487866e-01 1.048535098624669157e-03 5.428521994146021101e-03 1.071805893775086282e+00 -1.026964565449707241e-03 9.999915730424356886e-01 -3.974819228143857200e-03 -2.003809551217701750e-03 -5.432643985692936148e-03 3.969183576261444205e-03 9.999773657243761216e-01 1.152279213730961899e-02
9.994036247316239185e-01 1.490676747573140134e-03 -3.449888050539775403e-02 2.211356320912573281e+00 -1.841618791602000907e-03 9.999468623444165427e-01 -1.014302360160997292e-02 1.435547335844656464e-02 3.448192734633443585e-02 1.020050833981538986e-02 9.993532640243346643e-01 -6.717829952355572343e-02
9.999980952065110618e-01 2.186258992791242654e-05 -1.951692951471573718e-03 3.375948498350859861e+00 -2.163701708338957325e-05 9.999999930843461726e-01 1.155990788448029626e-04 5.835080229374244726e-03 1.951695465269597625e-03 -1.155566298386977332e-04 9.999980887639116078e-01 4.011499214797553670e-02
9.999929968530206770e-01 -2.236019250618059406e-03 3.001076944273376162e-03 4.512122129635780077e+00 2.226041173045656147e-03 9.999919976358255802e-01 3.324064531104778484e-03 5.630428930249371279e-03 -3.008485600844599313e-03 -3.317360731350867554e-03 9.999899720158035299e-01 5.468359399461161785e-02
9.999638155331780354e-01 -2.127843913886013662e-03 -8.236498321881457335e-03 5.530771698707425799e+00 2.116950630456344504e-03 9.999968734015858285e-01 -1.331054875223941199e-03 2.132851855505455210e-02 8.239304846674160715e-03 1.313570451397711109e-03 9.999651935884132925e-01 -3.284322885019977378e-02
9.997922370823135729e-01 -2.278221165581799119e-03 -2.025567521124862005e-02 6.679059287701797132e+00 2.167491627132983687e-03 9.999825979781005181e-01 -5.486868051527346406e-03 2.888420773782890416e-02 2.026782302047274928e-02 5.441824077389694099e-03 9.997797767012100989e-01 -8.435459415848944875e-03
9.999932576481400659e-01 -3.605252328476466709e-03 6.977205089684831172e-04 7.887448367078537359e+00 3.603757407734140255e-03 9.999912334929381696e-01 2.132104551419167823e-03 2.975677257974378154e-02 -7.054011672952732607e-04 -2.129575760567356795e-03 9.999974836549705426e-01 5.557901839756626550e-02
9.998722057712635669e-01 -6.606839975766084019e-03 1.455753384479927144e-02 9.061773317602943578e+00 6.596795349741443187e-03 9.999779686497666242e-01 7.379066336080403622e-04 4.372766983858990958e-02 -1.456208835371790820e-02 -6.417792618278433513e-04 9.998937612077383186e-01 1.048657671753770448e-01
9.999016322585365657e-01 -1.397200836063546177e-02 -1.228327759465250432e-03 1.017754062656281278e+01 1.396331633475878485e-02 9.998792430066533177e-01 -6.820938452836403272e-03 7.433657273866689508e-02 1.323481639388583144e-03 6.803115963457958583e-03 9.999759827163540171e-01 -4.185162436519290763e-02
9.995263605533676321e-01 -2.948821179009285601e-02 8.803404134882177393e-03 1.142097847872542538e+01 2.957599700868785222e-02 9.995123725401940940e-01 -1.001386738549402654e-02 1.054803809267593206e-01 -8.503820310984887623e-03 1.026949387724645536e-02 9.999111073168572839e-01 7.532059246965910893e-02
9.982732777615639375e-01 -5.437697127675453906e-02 2.221728835727854873e-02 1.262514948116108293e+01 5.435732049526658533e-02 9.985204394048599053e-01 1.487884168994406224e-03 1.426156752417257756e-01 -2.226532316761480057e-02 -2.776427425392418271e-04 9.997520584118589904e-01 7.673365140176494070e-02
9.965853472283373593e-01 -8.111490087676688499e-02 1.542784967279820126e-02 1.371855472245792384e+01 8.120846888800299646e-02 9.966817561909765422e-01 -5.537278838651815173e-03 2.330126752469423579e-01 -1.492750048201063433e-02 6.771243004280163603e-03 9.998656509739378695e-01 -4.735166205564050879e-02
9.932703090522133627e-01 -1.158117373824918833e-01 1.317057238448835713e-03 1.496633367660343872e+01 1.158191879205822533e-01 9.931965122082456743e-01 -1.210800754843736719e-02 3.532495112922189318e-01 9.415273481885053173e-05 1.217906489944498537e-02 9.999258280059765136e-01 -1.596222507271635727e-03
9.866926851318394975e-01 -1.602674621238953379e-01 2.742053412474791674e-02 1.616935342471697012e+01 1.600856748195795543e-01 9.870646473566856427e-01 8.715426333895475580e-03 5.203976632841577077e-01 -2.846263910603746145e-02 -4.209812702186492388e-03 9.995859921248055890e-01 1.387293909729758745e-02
9.785050776625623392e-01 -2.043227788362079467e-01 2.792874929589251459e-02 1.727644482645173696e+01 2.041485857995329056e-01 9.788987007978353638e-01 8.982677349252246590e-03 7.214896227824824093e-01 -2.917478199804592054e-02 -3.087980725341652345e-03 9.995695555940098398e-01 -6.076719562245208595e-02
9.679367821888844592e-01 -2.511937487400353053e-01 -2.937341590521949479e-04 1.851670373085544696e+01 2.511773231729683697e-01 9.678856074258372910e-01 -1.036355448580034144e-02 1.022106664528653841e+00 2.887561166515746798e-03 9.957486221229567419e-03 9.999462537850040134e-01 -1.147193659356147144e-01
9.502374903792377703e-01 -3.095934649171424025e-01 3.464965163412282029e-02 1.971354793044511311e+01 3.093250370564851193e-01 9.508676242896274555e-01 1.299163299220285062e-02 1.361167772631495465e+00 -3.696935660478951197e-02 -1.627131954719605866e-03 9.993150749957842027e-01 -7.527283968244802281e-02
9.298130964410032950e-01 -3.662573513063439035e-01 3.609928393825673903e-02 2.080960801765870016e+01 3.658289991893169391e-01 9.305066501478506114e-01 1.806979199571347519e-02 1.761114911541868944e+00 -4.020881792512997349e-02 -3.595364332995757035e-03 9.991848299070481554e-01 -9.855115363085042990e-02
9.076134628721845843e-01 -4.185232110529403804e-01 3.280432628629408737e-02 2.181473629250528390e+01 4.182853575096958099e-01 9.082056635446087434e-01 1.413620877332480083e-02 2.186109425934360306e+00 -3.570940640990421383e-02 8.913559518857533046e-04 9.993618182512374881e-01 -1.364895386196216254e-01
8.828542242040536836e-01 -4.689750687337723711e-01 2.511580600363084309e-02 2.275660028337795993e+01 4.688066867058778842e-01 8.832111541143277123e-01 1.258363015564342713e-02 2.642370116930335300e+00 -2.808396882414160300e-02 6.649467577784576311e-04 9.996053463947128792e-01 -1.896296645553484650e-01
8.564256593446650800e-01 -5.155699090529293205e-01 2.688417555384473717e-02 2.367101060318971406e+01 5.154197360549956919e-01 8.568425689308574178e-01 1.277919218759110062e-02 3.151134021040193911e+00 -2.962407299907073022e-02 2.912206572868920353e-03 9.995568684931451786e-01 -2.285064641227596838e-01
8.287154313093226810e-01 -5.588680790810256482e-01 2.995336532157892584e-02 2.455044128459261543e+01 5.584932631720309626e-01 8.292565444235574512e-01 2.046603337623507934e-02 3.711739255622352296e+00 -3.627683697981361199e-02 -2.317649351450835199e-04 9.993417520466933990e-01 -2.314662593656370837e-01
8.027906962987551021e-01 -5.958774870821854641e-01 2.138032564719007100e-02 2.542135753861349556e+01 5.958099062061226192e-01 8.030619966376245644e-01 1.009877334349230243e-02 4.322796507113656261e+00 -2.318735868552782714e-02 4.631408534323177770e-03 9.997204091405641480e-01 -3.106034385111265950e-01
7.778148335086403353e-01 -6.279565934365824997e-01 2.597309248912978499e-02 2.627551141563978732e+01 6.277903918724785370e-01 7.782351834879936980e-01 1.514011406854532185e-02 4.996641762937599651e+00 -2.972050885375355014e-02 4.529452608363514730e-03 9.995479855477387154e-01 -3.213022715160767651e-01
7.553985561199083598e-01 -6.548723395514010059e-01 2.269890531352144331e-02 2.713033877510252623e+01 6.547539843179847052e-01 7.557243603825685163e-01 1.333833363212963419e-02 5.712443176896122132e+00 -2.588902145083534639e-02 4.786440726928498611e-03 9.996533641985534402e-01 -3.648995826260721387e-01
7.370652634526460023e-01 -6.754828476027677775e-01 2.139439192726775782e-02 2.798169853386792738e+01 6.753041012200683424e-01 7.373703489616647566e-01 1.579048281429250647e-02 6.459452077989081609e+00 -2.644179053765291845e-02 2.809104236032451164e-03 9.996464078095583794e-01 -3.923009426103468700e-01
7.231691170803894453e-01 -6.903379234307254197e-01 2.144713441287331157e-02 2.881863787323855064e+01 6.901866766607016590e-01 7.234762055507699685e-01 1.498437058791715279e-02 7.236549346971777652e+00 -2.586077070054208782e-02 3.966292376246995099e-03 9.996576859423229600e-01 -4.252850929919681500e-01
7.135823286100313467e-01 -7.002231852440315985e-01 2.208508868417383489e-02 2.963587043259795806e+01 7.000230051474164439e-01 7.139164500944539249e-01 1.706149316189563975e-02 8.029342123546728160e+00 -2.771376120026840598e-02 3.285290129612950319e-03 9.996105012998306449e-01 -4.613977951423150481e-01
7.084857459958036063e-01 -7.053144684639692796e-01 2.407173230488965365e-02 3.042079826490892458e+01 7.049486619876160765e-01 7.088940337069491449e-01 2.272956085279217303e-02 8.818230251118015062e+00 -3.309579554323365674e-02 8.657656031085571302e-04 9.994518091270239157e-01 -4.804747462511643752e-01
7.057160669578290690e-01 -7.079616394477011854e-01 2.747999104978467513e-02 3.112579199816741493e+01 7.074957320084341861e-01 7.062496991001721014e-01 2.571287052754424665e-02 9.515788288883573642e+00 -3.761146138377255421e-02 1.295990524458220244e-03 9.992915982740661063e-01 -4.799269420437868860e-01
7.055800694630172121e-01 -7.081773919936742434e-01 2.532877899942592020e-02 3.176029476108254102e+01 7.079495228991670164e-01 7.060181609523585866e-01 1.859648978412808615e-02 1.015999162681493218e+01 -3.105219160390424588e-02 4.810184454608638395e-03 9.995061898368149400e-01 -5.115383458531387317e-01
7.065102838454928591e-01 -7.074576512587426036e-01 1.862499653756509790e-02 3.238910392427956708e+01 7.073391739070479245e-01 7.067462225610925408e-01 1.345622354606578613e-02 1.078712192345581578e+01 -2.268285425284985099e-02 3.667229347883581465e-03 9.997359849239467744e-01 -5.692590731064643972e-01
7.081068537626813431e-01 -7.058420460030433441e-01 1.927925695026721023e-02 3.304546042248333038e+01 7.057982671718062706e-01 7.083401640166580027e-01 1.014978315678307166e-02 1.144265689293830768e+01 -2.082041574014256366e-02 6.420135130335478946e-03 9.997626179015275394e-01 -5.976485904384218895e-01
7.108040287852357419e-01 -7.031639101183407847e-01 1.783670849017859883e-02 3.374150221920917403e+01 7.030969171326809652e-01 7.110113584323871638e-01 1.084312218189147428e-02 1.212897641856190845e+01 -2.030659452487409977e-02 4.833599819739874126e-03 9.997821155289711159e-01 -6.284138446283891177e-01
7.163380637186647082e-01 -6.974266574452758771e-01 2.135031504460854421e-02 3.445564968710385756e+01 6.973336772754221702e-01 7.166330977853165862e-01 1.275718214020201205e-02 1.283931481092185933e+01 -2.419754130757193269e-02 5.749838548227003028e-03 9.996906613304625822e-01 -6.593831346887399913e-01
7.217552068803596566e-01 -6.917121420521694652e-01 2.457099669709699591e-02 3.517729425245421027e+01 6.916139353148469393e-01 7.221381134318393125e-01 1.366417240138695366e-02 1.353450906121157438e+01 -2.719532716111508486e-02 7.131456141875415489e-03 9.996047001259530385e-01 -6.666516282213025280e-01
7.261349635902650812e-01 -6.870768699762265230e-01 2.556148265332118530e-02 3.590182357410357383e+01 6.869450303518086498e-01 7.265542435714332781e-01 1.501520640201804008e-02 1.424707035986717152e+01 -2.888840471049364256e-02 6.656267123093266048e-03 9.995604805019397965e-01 -6.895624468729777412e-01
7.294170186034172332e-01 -6.838611634464296651e-01 1.687371036250333994e-02 3.658958388827745978e+01 6.835245419179961646e-01 7.295986021500221463e-01 2.191073564550416464e-02 1.486749292834224967e+01 -2.729493666406841712e-02 -4.448468323964229268e-03 9.996175256377186624e-01 -6.658520533357288329e-01
7.311505544509644405e-01 -6.820516993351565249e-01 1.497818947912811852e-02 3.725454547911481740e+01 6.820244711444506391e-01 7.312893474727835130e-01 7.649250483740365272e-03 1.551896568546679589e+01 -1.617057470159069532e-02 4.622738025882651425e-03 9.998585614010435663e-01 -7.456886652968121032e-01
