1.000000000000000000e+00 0.000000000000000000e+00 0.000000000000000000e+00 0.000000000000000000e+00 0.000000000000000000e+00 1.000000000000000000e+00 0.000000000000000000e+00 0.000000000000000000e+00 0.000000000000000000e+00 0.000000000000000000e+00 1.000000000000000000e+00 0.000000000000000000e+00
9.999847157447487866e-01 1.048535098624670025e-03 5.428521994146021969e-03 1.071805893775086505e+00 -1.026964565449708109e-03 9.999915730424356886e-01 -3.974819228143856333e-03 -2.003809551217698281e-03 -5.432643985692937015e-03 3.969183576261443337e-03 9.999773657243761216e-01 1.152279213730961899e-02
9.994036247316239185e-01 1.490676747573140351e-03 -3.449888050539775403e-02 2.211356320912573281e+00 -1.841618791602001124e-03 9.999468623444165427e-01 -1.014302360160997118e-02 1.435547335844654382e-02 3.448192734633443585e-02 1.020050833981538813e-02 9.993532640243346643e-01 -6.717829952355580669e-02
9.999980952065110618e-01 2.186258992791447974e-05 -1.951692951471559840e-03 3.375948498350859861e+00 -2.163701708339164001e-05 9.999999930843461726e-01 1.155990788447995609e-04 5.835080229374386973e-03 1.951695465269583747e-03 -1.155566298386943315e-04 9.999980887639116078e-01 4.011499214797564772e-02
9.999929968530206770e-01 -2.236019250618067646e-03 3.001076944273390040e-03 4.512122129635780077e+00 2.226041173045664387e-03 9.999919976358255802e-01 3.324064531104777183e-03 5.630428930250483237e-03 -3.008485600844613191e-03 -3.317360731350866253e-03 9.999899720158035299e-01 5.468359399461175663e-02
9.999638155331780354e-01 -2.127843913885997182e-03 -8.236498321881450396e-03 5.530771698707425799e+00 2.116950630456328024e-03 9.999968734015858285e-01 -1.331054875223942066e-03 2.132851855505358760e-02 8.239304846674153776e-03 1.313570451397711976e-03 9.999651935884132925e-01 -3.284322885019996807e-02
9.997922370823135729e-01 -2.278221165581786976e-03 -2.025567521124860965e-02 6.679059287701796244e+00 2.167491627132971544e-03 9.999825979781005181e-01 -5.486868051527347273e-03 2.888420773782610432e-02 2.026782302047273887e-02 5.441824077389694966e-03 9.997797767012100989e-01 -8.435459415848764464e-03
9.999932576481400659e-01 -3.605252328476460637e-03 6.977205089684969950e-04 7.887448367078537359e+00 3.603757407734134183e-03 9.999912334929381696e-01 2.132104551419169991e-03 2.975677257973915329e-02 -7.054011672952871384e-04 -2.129575760567358964e-03 9.999974836549705426e-01 5.557901839756601570e-02
9.998722057712635669e-01 -6.606839975766094428e-03 1.455753384479928185e-02 9.061773317602945355e+00 6.596795349741453596e-03 9.999779686497666242e-01 7.379066336080388443e-04 4.372766983858961815e-02 -1.456208835371791861e-02 -6.417792618278416166e-04 9.998937612077383186e-01 1.048657671753771697e-01
9.999016322585365657e-01 -1.397200836063547044e-02 -1.228327759465243710e-03 1.017754062656281278e+01 1.396331633475879352e-02 9.998792430066533177e-01 -6.820938452836401537e-03 7.433657273866546566e-02 1.323481639388576422e-03 6.803115963457956848e-03 9.999759827163540171e-01 -4.185162436519318518e-02
9.995263605533676321e-01 -2.948821179009283519e-02 8.803404134882191270e-03 1.142097847872542893e+01 2.957599700868783141e-02 9.995123725401940940e-01 -1.001386738549402827e-02 1.054803809267605558e-01 -8.503820310984901501e-03 1.026949387724645710e-02 9.999111073168572839e-01 7.532059246965916444e-02
9.982732777615639375e-01 -5.437697127675451131e-02 2.221728835727855914e-02 1.262514948116108116e+01 5.435732049526655757e-02 9.985204394048599053e-01 1.487884168994407091e-03 1.426156752417243323e-01 -2.226532316761481098e-02 -2.776427425392425860e-04 9.997520584118589904e-01 7.673365140176488519e-02
9.965853472283373593e-01 -8.111490087676687111e-02 1.542784967279821166e-02 1.371855472245792384e+01 8.120846888800298258e-02 9.966817561909765422e-01 -5.537278838651814306e-03 2.330126752469403317e-01 -1.492750048201064474e-02 6.771243004280162736e-03 9.998656509739378695e-01 -4.735166205564078634e-02
9.932703090522133627e-01 -1.158117373824918833e-01 1.317057238448843520e-03 1.496633367660343161e+01 1.158191879205822533e-01 9.931965122082456743e-01 -1.210800754843736546e-02 3.532495112922164893e-01 9.415273481884261705e-05 1.217906489944498363e-02 9.999258280059765136e-01 -1.596222507271809199e-03
9.866926851318394975e-01 -1.602674621238953656e-01 2.742053412474792715e-02 1.616935342471697368e+01 1.600856748195795820e-01 9.870646473566856427e-01 8.715426333895473845e-03 5.203976632841547101e-01 -2.846263910603747185e-02 -4.209812702186486316e-03 9.995859921248055890e-01 1.387293909729736541e-02
9.785050776625623392e-01 -2.043227788362079467e-01 2.792874929589250765e-02 1.727644482645173341e+01 2.041485857995329056e-01 9.788987007978353638e-01 8.982677349252243121e-03 7.214896227824812991e-01 -2.917478199804591360e-02 -3.087980725341650610e-03 9.995695555940098398e-01 -6.076719562245197492e-02
9.679367821888844592e-01 -2.511937487400353053e-01 -2.937341590521841059e-04 1.851670373085545052e+01 2.511773231729683697e-01 9.678856074258372910e-01 -1.036355448580034491e-02 1.022106664528651621e+00 2.887561166515737257e-03 9.957486221229574358e-03 9.999462537850040134e-01 -1.147193659356145479e-01
9.502374903792377703e-01 -3.095934649171424025e-01 3.464965163412279947e-02 1.971354793044510956e+01 3.093250370564851193e-01 9.508676242896274555e-01 1.299163299220287317e-02 1.361167772631495465e+00 -3.696935660478950503e-02 -1.627131954719630152e-03 9.993150749957842027e-01 -7.527283968244802281e-02
9.298130964410032950e-01 -3.662573513063439035e-01 3.609928393825674597e-02 2.080960801765870372e+01 3.658289991893169391e-01 9.305066501478506114e-01 1.806979199571347866e-02 1.761114911541869832e+00 -4.020881792512998043e-02 -3.595364332995759638e-03 9.991848299070481554e-01 -9.855115363085065194e-02
9.076134628721845843e-01 -4.185232110529403804e-01 3.280432628629408043e-02 2.181473629250528035e+01 4.182853575096958099e-01 9.082056635446087434e-01 1.413620877332480430e-02 2.186109425934359862e+00 -3.570940640990420689e-02 8.913559518857472330e-04 9.993618182512374881e-01 -1.364895386196217086e-01
8.828542242040536836e-01 -4.689750687337723711e-01 2.511580600363083615e-02 2.275660028337795282e+01 4.688066867058778842e-01 8.832111541143277123e-01 1.258363015564343060e-02 2.642370116930333968e+00 -2.808396882414160300e-02 6.649467577784515596e-04 9.996053463947128792e-01 -1.896296645553486315e-01
8.564256593446650800e-01 -5.155699090529293205e-01 2.688417555384473717e-02 2.367101060318971406e+01 5.154197360549956919e-01 8.568425689308574178e-01 1.277919218759110409e-02 3.151134021040191691e+00 -2.962407299907073022e-02 2.912206572868916883e-03 9.995568684931451786e-01 -2.285064641227599891e-01
8.287154313093226810e-01 -5.588680790810256482e-01 2.995336532157892584e-02 2.455044128459261543e+01 5.584932631720309626e-01 8.292565444235574512e-01 2.046603337623508281e-02 3.711739255622350964e+00 -3.627683697981361199e-02 -2.317649351450887241e-04 9.993417520466933990e-01 -2.314662593656373613e-01
8.027906962987551021e-01 -5.958774870821854641e-01 2.138032564719006060e-02 2.542135753861349556e+01 5.958099062061226192e-01 8.030619966376245644e-01 1.009877334349230243e-02 4.322796507113658038e+00 -2.318735868552781673e-02 4.631408534323169963e-03 9.997204091405641480e-01 -3.106034385111267615e-01
7.778148335086403353e-01 -6.279565934365823887e-01 2.597309248912978846e-02 2.627551141563978376e+01 6.277903918724784260e-01 7.782351834879938091e-01 1.514011406854532532e-02 4.996641762937599651e+00 -2.972050885375355361e-02 4.529452608363512996e-03 9.995479855477387154e-01 -3.213022715160771536e-01
7.553985561199084708e-01 -6.548723395514008949e-01 2.269890531352144331e-02 2.713033877510252267e+01 6.547539843179845942e-01 7.557243603825685163e-01 1.333833363212963766e-02 5.712443176896121244e+00 -2.588902145083535333e-02 4.786440726928491672e-03 9.996533641985534402e-01 -3.648995826260724717e-01
7.370652634526462244e-01 -6.754828476027676665e-01 2.139439192726775435e-02 2.798169853386793093e+01 6.753041012200682314e-01 7.373703489616647566e-01 1.579048281429251341e-02 6.459452077989076280e+00 -2.644179053765292192e-02 2.809104236032440756e-03 9.996464078095583794e-01 -3.923009426103469810e-01
7.231691170803894453e-01 -6.903379234307254197e-01 2.144713441287331157e-02 2.881863787323855419e+01 6.901866766607016590e-01 7.234762055507699685e-01 1.498437058791715279e-02 7.236549346971775876e+00 -2.586077070054209476e-02 3.966292376246994232e-03 9.996576859423229600e-01 -4.252850929919683720e-01
7.135823286100315688e-01 -7.002231852440314874e-01 2.208508868417383142e-02 2.963587043259796516e+01 7.000230051474163329e-01 7.139164500944540359e-01 1.706149316189563281e-02 8.029342123546726384e+00 -2.771376120026840251e-02 3.285290129612945982e-03 9.996105012998306449e-01 -4.613977951423151591e-01
7.084857459958036063e-01 -7.053144684639692796e-01 2.407173230488965365e-02 3.042079826490892458e+01 7.049486619876160765e-01 7.088940337069491449e-01 2.272956085279217650e-02 8.818230251118018614e+00 -3.309579554323365674e-02 8.657656031085536608e-04 9.994518091270239157e-01 -4.804747462511645972e-01
7.057160669578290690e-01 -7.079616394477010743e-01 2.747999104978466473e-02 3.112579199816740783e+01 7.074957320084340751e-01 7.062496991001721014e-01 2.571287052754424665e-02 9.515788288883578971e+00 -3.761146138377254727e-02 1.295990524458213305e-03 9.992915982740661063e-01 -4.799269420437871081e-01
7.055800694630172121e-01 -7.081773919936742434e-01 2.532877899942592020e-02 3.176029476108253036e+01 7.079495228991670164e-01 7.060181609523585866e-01 1.859648978412808962e-02 1.015999162681493218e+01 -3.105219160390424588e-02 4.810184454608632323e-03 9.995061898368149400e-01 -5.115383458531390648e-01
7.065102838454929701e-01 -7.074576512587424926e-01 1.862499653756509443e-02 3.238910392427955998e+01 7.073391739070478135e-01 7.067462225610925408e-01 1.345622354606578266e-02 1.078712192345581578e+01 -2.268285425284984752e-02 3.667229347883580598e-03 9.997359849239467744e-01 -5.692590731064647303e-01
7.081068537626813431e-01 -7.058420460030432331e-01 1.927925695026719982e-02 3.304546042248333038e+01 7.057982671718061596e-01 7.083401640166580027e-01 1.014978315678307860e-02 1.144265689293830413e+01 -2.082041574014256019e-02 6.420135130335469405e-03 9.997626179015275394e-01 -5.976485904384221115e-01
7.108040287852355199e-01 -7.031639101183411178e-01 1.783670849017859883e-02 3.374150221920917403e+01 7.030969171326812983e-01 7.110113584323869418e-01 1.084312218189148296e-02 1.212897641856190845e+01 -2.030659452487410671e-02 4.833599819739872391e-03 9.997821155289711159e-01 -6.284138446283893398e-01
7.163380637186649302e-01 -6.974266574452755441e-01 2.135031504460852686e-02 3.445564968710385756e+01 6.973336772754218371e-01 7.166330977853168083e-01 1.275718214020200858e-02 1.283931481092185756e+01 -2.419754130757191535e-02 5.749838548226984813e-03 9.996906613304625822e-01 -6.593831346887405465e-01
7.217552068803596566e-01 -6.917121420521693542e-01 2.457099669709699591e-02 3.517729425245419606e+01 6.916139353148468283e-01 7.221381134318394235e-01 1.366417240138695366e-02 1.353450906121157082e+01 -2.719532716111508486e-02 7.131456141875412019e-03 9.996047001259530385e-01 -6.666516282213027500e-01
7.261349635902650812e-01 -6.870768699762265230e-01 2.556148265332118183e-02 3.590182357410358094e+01 6.869450303518086498e-01 7.265542435714332781e-01 1.501520640201803314e-02 1.424707035986717507e+01 -2.888840471049363215e-02 6.656267123093266048e-03 9.995604805019397965e-01 -6.895624468729780743e-01
7.294170186034172332e-01 -6.838611634464296651e-01 1.687371036250333994e-02 3.658958388827746688e+01 6.835245419179961646e-01 7.295986021500221463e-01 2.191073564550417158e-02 1.486749292834224789e+01 -2.729493666406841712e-02 -4.448468323964232737e-03 9.996175256377186624e-01 -6.658520533357290550e-01
7.311505544509644405e-01 -6.820516993351565249e-01 1.497818947912812025e-02 3.725454547911481740e+01 6.820244711444506391e-01 7.312893474727835130e-01 7.649250483740367007e-03 1.551896568546679767e+01 -1.617057470159069879e-02 4.622738025882653159e-03 9.998585614010435663e-01 -7.456886652968121032e-01
