1.000000000000000000e+00 0.000000000000000000e+00 0.000000000000000000e+00 0.000000000000000000e+00 0.000000000000000000e+00 1.000000000000000000e+00 0.000000000000000000e+00 0.000000000000000000e+00 0.000000000000000000e+00 0.000000000000000000e+00 1.000000000000000000e+00 0.000000000000000000e+00
9.999847157447487866e-01 1.048535098624669808e-03 5.428521994146021969e-03 1.071805893775086505e+00 -1.026964565449707892e-03 9.999915730424356886e-01 -3.974819228143857200e-03 -2.003809551217678332e-03 -5.432643985692937015e-03 3.969183576261444205e-03 9.999773657243761216e-01 1.152279213730963113e-02
9.994036247316239185e-01 1.490676747573166155e-03 -3.449888050539774015e-02 2.211356320912576390e+00 -1.841618791602026928e-03 9.999468623444165427e-01 -1.014302360160997292e-02 1.435547335844639637e-02 3.448192734633442197e-02 1.020050833981538986e-02 9.993532640243346643e-01 -6.717829952355552914e-02
9.999980952065110618e-01 2.186258992792629755e-05 -1.951692951471545963e-03 3.375948498350859861e+00 -2.163701708340345781e-05 9.999999930843461726e-01 1.155990788448000217e-04 5.835080229373880434e-03 1.951695465269569869e-03 -1.155566298386947652e-04 9.999980887639116078e-01 4.011499214797575874e-02
9.999929968530206770e-01 -2.236019250618060707e-03 3.001076944273396978e-03 4.512122129635780965e+00 2.226041173045657448e-03 9.999919976358255802e-01 3.324064531104776749e-03 5.630428930249171786e-03 -3.008485600844620130e-03 -3.317360731350865819e-03 9.999899720158035299e-01 5.468359399461172887e-02
9.999638155331780354e-01 -2.127843913885989809e-03 -8.236498321881443457e-03 5.530771698707427575e+00 2.116950630456320651e-03 9.999968734015858285e-01 -1.331054875223943801e-03 2.132851855505262656e-02 8.239304846674146837e-03 1.313570451397713711e-03 9.999651935884132925e-01 -3.284322885019963500e-02
9.997922370823135729e-01 -2.278221165581772664e-03 -2.025567521124860271e-02 6.679059287701796244e+00 2.167491627132957233e-03 9.999825979781005181e-01 -5.486868051527348140e-03 2.888420773782459858e-02 2.026782302047273193e-02 5.441824077389695834e-03 9.997797767012100989e-01 -8.435459415848764464e-03
9.999932576481400659e-01 -3.605252328476434617e-03 6.977205089685106559e-04 7.887448367078541800e+00 3.603757407734108163e-03 9.999912334929381696e-01 2.132104551419165221e-03 2.975677257973983678e-02 -7.054011672953007994e-04 -2.129575760567354193e-03 9.999974836549705426e-01 5.557901839756598794e-02
9.998722057712635669e-01 -6.606839975766073611e-03 1.455753384479929226e-02 9.061773317602947131e+00 6.596795349741432779e-03 9.999779686497666242e-01 7.379066336080404706e-04 4.372766983859100592e-02 -1.456208835371792902e-02 -6.417792618278436766e-04 9.998937612077383186e-01 1.048657671753771975e-01
9.999016322585365657e-01 -1.397200836063544789e-02 -1.228327759465230049e-03 1.017754062656281455e+01 1.396331633475877097e-02 9.998792430066533177e-01 -6.820938452836408476e-03 7.433657273866342563e-02 1.323481639388562761e-03 6.803115963457963787e-03 9.999759827163540171e-01 -4.185162436519301865e-02
9.995263605533676321e-01 -2.948821179009284907e-02 8.803404134882193005e-03 1.142097847872542715e+01 2.957599700868784529e-02 9.995123725401940940e-01 -1.001386738549402827e-02 1.054803809267605003e-01 -8.503820310984903236e-03 1.026949387724645710e-02 9.999111073168572839e-01 7.532059246965894239e-02
9.982732777615639375e-01 -5.437697127675451131e-02 2.221728835727856260e-02 1.262514948116108293e+01 5.435732049526655757e-02 9.985204394048599053e-01 1.487884168994404489e-03 1.426156752417248041e-01 -2.226532316761481445e-02 -2.776427425392399839e-04 9.997520584118589904e-01 7.673365140176487131e-02
9.965853472283373593e-01 -8.111490087676685723e-02 1.542784967279821513e-02 1.371855472245792384e+01 8.120846888800296870e-02 9.966817561909765422e-01 -5.537278838651816040e-03 2.330126752469417750e-01 -1.492750048201064821e-02 6.771243004280166206e-03 9.998656509739378695e-01 -4.735166205564073083e-02
9.932703090522133627e-01 -1.158117373824918556e-01 1.317057238448851326e-03 1.496633367660343872e+01 1.158191879205822256e-01 9.931965122082456743e-01 -1.210800754843736893e-02 3.532495112922149350e-01 9.415273481883470238e-05 1.217906489944498710e-02 9.999258280059765136e-01 -1.596222507271732871e-03
9.866926851318394975e-01 -1.602674621238953379e-01 2.742053412474793408e-02 1.616935342471697368e+01 1.600856748195795543e-01 9.870646473566856427e-01 8.715426333895470376e-03 5.203976632841567085e-01 -2.846263910603747879e-02 -4.209812702186484581e-03 9.995859921248055890e-01 1.387293909729714336e-02
9.785050776625623392e-01 -2.043227788362079467e-01 2.792874929589252153e-02 1.727644482645172630e+01 2.041485857995329056e-01 9.788987007978353638e-01 8.982677349252243121e-03 7.214896227824835195e-01 -2.917478199804592748e-02 -3.087980725341647574e-03 9.995695555940098398e-01 -6.076719562245230799e-02
9.679367821888844592e-01 -2.511937487400353053e-01 -2.937341590521877922e-04 1.851670373085545052e+01 2.511773231729683697e-01 9.678856074258372910e-01 -1.036355448580034318e-02 1.022106664528651621e+00 2.887561166515740727e-03 9.957486221229572623e-03 9.999462537850040134e-01 -1.147193659356147144e-01
9.502374903792377703e-01 -3.095934649171424025e-01 3.464965163412283417e-02 1.971354793044511666e+01 3.093250370564851193e-01 9.508676242896274555e-01 1.299163299220286796e-02 1.361167772631496575e+00 -3.696935660478953972e-02 -1.627131954719613673e-03 9.993150749957842027e-01 -7.527283968244802281e-02
9.298130964410032950e-01 -3.662573513063439035e-01 3.609928393825675985e-02 2.080960801765870372e+01 3.658289991893169391e-01 9.305066501478506114e-01 1.806979199571347172e-02 1.761114911541869166e+00 -4.020881792512999431e-02 -3.595364332995746627e-03 9.991848299070481554e-01 -9.855115363085076297e-02
9.076134628721845843e-01 -4.185232110529403804e-01 3.280432628629410124e-02 2.181473629250528745e+01 4.182853575096958099e-01 9.082056635446087434e-01 1.413620877332480430e-02 2.186109425934358974e+00 -3.570940640990422771e-02 8.913559518857550393e-04 9.993618182512374881e-01 -1.364895386196217364e-01
8.828542242040536836e-01 -4.689750687337723711e-01 2.511580600363086044e-02 2.275660028337795993e+01 4.688066867058778842e-01 8.832111541143277123e-01 1.258363015564343060e-02 2.642370116930334856e+00 -2.808396882414162035e-02 6.649467577784637026e-04 9.996053463947128792e-01 -1.896296645553486870e-01
8.564256593446650800e-01 -5.155699090529293205e-01 2.688417555384475105e-02 2.367101060318971761e+01 5.154197360549956919e-01 8.568425689308574178e-01 1.277919218759110409e-02 3.151134021040192579e+00 -2.962407299907074409e-02 2.912206572868923822e-03 9.995568684931451786e-01 -2.285064641227596838e-01
8.287154313093226810e-01 -5.588680790810256482e-01 2.995336532157893972e-02 2.455044128459261898e+01 5.584932631720309626e-01 8.292565444235574512e-01 2.046603337623508281e-02 3.711739255622352296e+00 -3.627683697981362587e-02 -2.317649351450783157e-04 9.993417520466933990e-01 -2.314662593656373613e-01
8.027906962987551021e-01 -5.958774870821854641e-01 2.138032564719008141e-02 2.542135753861349556e+01 5.958099062061226192e-01 8.030619966376245644e-01 1.009877334349230243e-02 4.322796507113656261e+00 -2.318735868552783061e-02 4.631408534323183841e-03 9.997204091405641480e-01 -3.106034385111268170e-01
7.778148335086403353e-01 -6.279565934365823887e-01 2.597309248912979887e-02 2.627551141563978376e+01 6.277903918724784260e-01 7.782351834879938091e-01 1.514011406854532012e-02 4.996641762937599651e+00 -2.972050885375355708e-02 4.529452608363520802e-03 9.995479855477387154e-01 -3.213022715160769316e-01
7.553985561199084708e-01 -6.548723395514008949e-01 2.269890531352146412e-02 2.713033877510252623e+01 6.547539843179845942e-01 7.557243603825685163e-01 1.333833363212963419e-02 5.712443176896123909e+00 -2.588902145083536027e-02 4.786440726928507285e-03 9.996533641985534402e-01 -3.648995826260724717e-01
7.370652634526462244e-01 -6.754828476027676665e-01 2.139439192726777517e-02 2.798169853386793449e+01 6.753041012200682314e-01 7.373703489616647566e-01 1.579048281429250994e-02 6.459452077989077168e+00 -2.644179053765292886e-02 2.809104236032457236e-03 9.996464078095583794e-01 -3.923009426103471475e-01
7.231691170803894453e-01 -6.903379234307254197e-01 2.144713441287332892e-02 2.881863787323855419e+01 6.901866766607016590e-01 7.234762055507699685e-01 1.498437058791715279e-02 7.236549346971775876e+00 -2.586077070054210517e-02 3.966292376247006375e-03 9.996576859423229600e-01 -4.252850929919684830e-01
7.135823286100315688e-01 -7.002231852440314874e-01 2.208508868417383836e-02 2.963587043259795806e+01 7.000230051474163329e-01 7.139164500944540359e-01 1.706149316189563628e-02 8.029342123546722831e+00 -2.771376120026840945e-02 3.285290129612949452e-03 9.996105012998306449e-01 -4.613977951423151591e-01
7.084857459958036063e-01 -7.053144684639692796e-01 2.407173230488966753e-02 3.042079826490892458e+01 7.049486619876160765e-01 7.088940337069491449e-01 2.272956085279217997e-02 8.818230251118015062e+00 -3.309579554323367062e-02 8.657656031085605997e-04 9.994518091270239157e-01 -4.804747462511645972e-01
7.057160669578290690e-01 -7.079616394477010743e-01 2.747999104978468207e-02 3.112579199816741138e+01 7.074957320084340751e-01 7.062496991001721014e-01 2.571287052754424318e-02 9.515788288883577195e+00 -3.761146138377255421e-02 1.295990524458227183e-03 9.992915982740661063e-01 -4.799269420437871636e-01
7.055800694630172121e-01 -7.081773919936742434e-01 2.532877899942594102e-02 3.176029476108254102e+01 7.079495228991670164e-01 7.060181609523585866e-01 1.859648978412808962e-02 1.015999162681493040e+01 -3.105219160390425975e-02 4.810184454608649671e-03 9.995061898368149400e-01 -5.115383458531390648e-01
7.065102838454929701e-01 -7.074576512587424926e-01 1.862499653756511525e-02 3.238910392427956708e+01 7.073391739070478135e-01 7.067462225610925408e-01 1.345622354606578613e-02 1.078712192345581222e+01 -2.268285425284986140e-02 3.667229347883591006e-03 9.997359849239467744e-01 -5.692590731064646192e-01
7.081068537626813431e-01 -7.058420460030432331e-01 1.927925695026722064e-02 3.304546042248333038e+01 7.057982671718061596e-01 7.083401640166580027e-01 1.014978315678307687e-02 1.144265689293830413e+01 -2.082041574014257407e-02 6.420135130335484150e-03 9.997626179015275394e-01 -5.976485904384221115e-01
7.108040287852355199e-01 -7.031639101183411178e-01 1.783670849017861271e-02 3.374150221920916692e+01 7.030969171326812983e-01 7.110113584323869418e-01 1.084312218189147775e-02 1.212897641856190667e+01 -2.030659452487411365e-02 4.833599819739884534e-03 9.997821155289711159e-01 -6.284138446283893398e-01
7.163380637186649302e-01 -6.974266574452755441e-01 2.135031504460855115e-02 3.445564968710385756e+01 6.973336772754218371e-01 7.166330977853168083e-01 1.275718214020200511e-02 1.283931481092185933e+01 -2.419754130757193269e-02 5.749838548227002161e-03 9.996906613304625822e-01 -6.593831346887406575e-01
7.217552068803596566e-01 -6.917121420521693542e-01 2.457099669709700979e-02 3.517729425245420316e+01 6.916139353148468283e-01 7.221381134318394235e-01 1.366417240138695539e-02 1.353450906121157260e+01 -2.719532716111509874e-02 7.131456141875420693e-03 9.996047001259530385e-01 -6.666516282213028610e-01
7.261349635902650812e-01 -6.870768699762265230e-01 2.556148265332119571e-02 3.590182357410358094e+01 6.869450303518086498e-01 7.265542435714332781e-01 1.501520640201803661e-02 1.424707035986716974e+01 -2.888840471049364603e-02 6.656267123093275589e-03 9.995604805019397965e-01 -6.895624468729781853e-01
7.294170186034172332e-01 -6.838611634464296651e-01 1.687371036250335035e-02 3.658958388827747399e+01 6.835245419179961646e-01 7.295986021500221463e-01 2.191073564550417158e-02 1.486749292834224434e+01 -2.729493666406842753e-02 -4.448468323964222329e-03 9.996175256377186624e-01 -6.658520533357292770e-01
7.311505544509644405e-01 -6.820516993351565249e-01 1.497818947912812719e-02 3.725454547911482450e+01 6.820244711444506391e-01 7.312893474727835130e-01 7.649250483740366140e-03 1.551896568546679234e+01 -1.617057470159070226e-02 4.622738025882659231e-03 9.998585614010435663e-01 -7.456886652968125473e-01
