1.000000000000000000e+00 0.000000000000000000e+00 0.000000000000000000e+00 0.000000000000000000e+00 0.000000000000000000e+00 1.000000000000000000e+00 0.000000000000000000e+00 0.000000000000000000e+00 0.000000000000000000e+00 0.000000000000000000e+00 1.000000000000000000e+00 0.000000000000000000e+00
2.778948091603673509e-01 9.364729101725255411e-01 -2.139929053840903261e-01 7.938897248285745056e-02 -2.141587065308802607e-01 2.775578675261947126e-01 9.365349318585676208e-01 6.707536345869978545e-02 9.364350075999634537e-01 -2.144297523370126135e-01 2.776857177709075586e-01 1.195450735697254074e-01
9.769647796512650473e-01 -1.671134517610181891e-01 1.327136525059611216e-01 3.891675930341507716e-01 1.793191634511152877e-01 9.800249610294917701e-01 -8.599833357882798179e-02 -1.099495489955164274e-01 -1.156912137551826397e-01 1.078154441611266362e-01 9.874165144761311019e-01 2.499018932916742264e-01
9.996626721402074311e-01 1.708922926436856615e-02 -1.955761162948821408e-02 1.668533249950741593e-01 -1.649369947928707586e-02 9.994072819062969071e-01 3.021659726300292628e-02 1.441442297747256851e-01 2.006239783742234939e-02 -2.988382699416859342e-02 9.993520185986495274e-01 1.623908454704887649e-01
-2.292815343508616266e-01 2.989585347784942115e-01 9.263119196516964582e-01 1.961901329364070523e-01 9.296871494436955707e-01 -2.146031846747997740e-01 2.993781509841525468e-01 2.149798151978513649e-01 2.882911413223980257e-01 9.298221698854735040e-01 -2.287333605412631421e-01 2.460502626599676002e-01
-1.999101297477785533e-01 2.496767983469451724e-01 9.474689632866319933e-01 1.491708196407388054e-01 9.493769563305560766e-01 -1.897899686733839353e-01 2.503261124602966792e-01 1.701327491780752488e-01 2.423207271628978199e-01 9.495479262039250301e-01 -1.990964616186574609e-01 1.819342870736754270e-01
5.145954620708628191e-01 7.975222869971307915e-01 -3.148804728130046859e-01 2.193751620900857291e-01 -3.036747916754067300e-01 5.129511868203567859e-01 8.029088994652417988e-01 1.768880656962260600e-01 8.018560539878548665e-01 -3.175520141369813643e-01 5.061497673619665960e-01 2.378301743082240904e-01
8.943588073331488753e-01 3.632681358862474563e-01 -2.610719923610311799e-01 1.353632676651294331e-01 -2.534487813258183286e-01 8.923629278274410881e-01 3.734328859161905600e-01 8.885015716629243721e-02 3.686272358224293999e-01 -2.678146121647732580e-01 8.901625101749383040e-01 1.235873626739731890e-01
5.428654872021635436e-01 -3.210143243114825795e-01 7.760456599914725695e-01 9.026313012605240854e-03 7.746668558421619943e-01 5.482686639185169186e-01 -3.151074969349724197e-01 2.621471276856858490e-02 -3.243274969292256893e-01 7.722378362602074775e-01 5.463152926504770690e-01 4.767272690000448621e-02
8.796466198042698359e-01 3.926882302785100753e-01 -2.683612827284409530e-01 -5.824161048383200839e-02 -2.721054654147635476e-01 8.782579367777066937e-01 3.932195470451343988e-01 -3.216798453248112533e-02 3.901031145201704353e-01 -2.728716736630931727e-01 8.794092390656156333e-01 -1.722598785915178954e-02
9.263119307914572387e-01 3.015259477671598520e-01 -2.258944658386269622e-01 -6.252485556210009288e-02 -2.285640359416357126e-01 9.263834751662038958e-01 2.992860478088778531e-01 -3.191026403753347007e-02 2.995074095034599981e-01 -2.256008859958294754e-01 9.270380530972952560e-01 -5.537596604585268145e-02
5.784348781678637641e-01 -3.258249097172070674e-01 7.478310102735125087e-01 -8.508604522847064422e-02 7.459710482710142365e-01 5.822276727463355783e-01 -3.233235720293683446e-01 -6.886894101295848447e-02 -3.300610350531741899e-01 7.448819136589099887e-01 5.798367424055390629e-01 -4.358532447844064295e-02
9.738201194376900904e-01 1.751611279904262686e-01 -1.448894551700867783e-01 -1.360443362692327907e-01 -1.494847421419092659e-01 9.736284595774832296e-01 1.723424920544668615e-01 -8.558483083596485352e-02 1.712562023552138823e-01 -1.461718233514879006e-01 9.743228988446137606e-01 -1.085588869564931835e-01
-1.575473088452783443e-01 9.690481779362349890e-01 1.900643951771980311e-01 -2.742720857430954173e-01 1.886168710998257225e-01 -1.593953671854839715e-01 9.690287884559039000e-01 -2.335193790223722976e-01 9.693309658791071648e-01 1.885172293406318089e-01 -1.576665241248420557e-01 -2.044722902906106476e-01
-2.286034322171701660e-01 3.060375997866682796e-01 9.241652765037999817e-01 -2.732239093463709745e-01 9.236909059427766966e-01 -2.316321839097781332e-01 3.051911559265759188e-01 -1.950544596457088609e-01 3.074663901260470400e-01 9.234108072217923624e-01 -2.297322355457667165e-01 -2.044355878201478960e-01
-2.430528471177400007e-01 9.107559919236268842e-01 3.338395373276978328e-01 -2.454834261446612320e-01 3.287647888896042536e-01 -2.464446749638007361e-01 9.116900436926802520e-01 -1.810224738848886794e-01 9.126001463370114752e-01 3.313435458209462170e-01 -2.395254215077557980e-01 -1.840256446843208937e-01
-2.442371650154830931e-01 3.376060149520898057e-01 9.090491658284325371e-01 -2.742384003825343308e-01 9.076890875826890692e-01 -2.502954721126950943e-01 3.368273993059182070e-01 -1.790705948721628971e-01 3.412458461410263766e-01 9.073997770046301481e-01 -2.453098391492736230e-01 -2.048593415787767491e-01
4.521422124252802988e-01 -2.901285963582347360e-01 8.434410574061315113e-01 -2.831368118688284974e-01 8.413882365179126133e-01 4.525775171913761774e-01 -2.953632109491071134e-01 -1.966522000906476553e-01 -2.960291458496104866e-01 8.432075595653125699e-01 4.487401879701216068e-01 -2.076515954474504877e-01
8.669264944401435802e-01 -2.788306106827816433e-01 4.131488155422821662e-01 -1.556283689054774599e-01 4.108345145310297597e-01 8.690763937386956073e-01 -2.755380618284827832e-01 -1.353377408387085035e-01 -2.822294366429142776e-01 4.086070390881815784e-01 8.679785900008205601e-01 -1.116834687606467619e-01
-1.435309068691572598e-01 1.667821050831033158e-01 9.754909575169656843e-01 -7.927815740861079985e-02 9.763934353492049745e-01 -1.369058088321915001e-01 1.670708200583871372e-01 -6.993567212443406456e-02 1.614148016146468301e-01 9.764427934764293715e-01 -1.431947376395239502e-01 -1.966324248046723289e-02
-3.292593662977219005e-01 6.612184334174038280e-01 6.740759994349727613e-01 -1.947748310849192477e-01 6.754974401845856846e-01 -3.338631152903648314e-01 6.574485748350857861e-01 -1.106327395986100859e-01 6.597662298187860763e-01 6.718077132317308298e-01 -3.367238014056295192e-01 -6.948570117740385244e-02
1.089397805461829183e-01 9.892603338691121628e-01 -9.744801715644224593e-02 -2.326560394318357150e-01 -1.013397248352245761e-01 1.085732431995047875e-01 9.889095565477472594e-01 -2.009640810502502650e-01 9.888692453428160611e-01 -9.785623482596261802e-02 1.120793153120396290e-01 -1.869873538990409201e-01
1.914456735566669732e-01 9.682925640862720673e-01 -1.604931911691794277e-01 -2.521376438717330415e-01 -1.683788683655657592e-01 1.934944452327087561e-01 9.665445961527165952e-01 -2.134927990376151163e-01 9.669524863013516658e-01 -1.580171193235687110e-01 2.000836805846880617e-01 -2.365857061257240213e-01
8.785338038238759140e-01 3.913091638170567710e-01 -2.739625774655132795e-01 -2.447273458043368877e-01 -2.714092509997803604e-01 8.808681410370317044e-01 3.878251365985736498e-01 -2.271845030927100995e-01 3.930844362353840826e-01 -2.663615145225749492e-01 8.800773656734676154e-01 -2.363178917511621624e-01
6.491287115519659423e-01 6.826583273899715643e-01 -3.355734254734887845e-01 -2.498024989087975212e-01 -3.335757328823740764e-01 6.519321807791343959e-01 6.809637744377809998e-01 -2.469764809022815533e-01 6.836367063513133502e-01 -3.300939861761926775e-01 6.509061483957883087e-01 -2.501634035107043186e-01
-2.709587843525613771e-01 8.770676277071787208e-01 3.966531401744907148e-01 -2.756403362646391852e-01 3.927608521294044253e-01 -2.754711634590989444e-01 8.774135576437571693e-01 -2.047704002722762762e-01 8.788175295342978144e-01 3.935327362883454527e-01 -2.698364972583235932e-01 -1.976469790647180647e-01
1.352403085263627069e-01 -7.471509389277658508e-02 9.879917579080748080e-01 -5.110920172303031750e-01 9.860103971208098450e-01 1.082070936361849700e-01 -1.267861256465892539e-01 -2.892187745860266834e-02 -9.743487937775180407e-02 9.913167403163347657e-01 8.830382012823390081e-02 -9.795326239172033600e-02
9.491770315152229243e-01 2.691357747818624024e-01 -1.631836314601321503e-01 -4.913329656525554645e-01 -2.248399952660806167e-01 9.426147641661726251e-01 2.468286508991603678e-01 -2.906171469678049679e-02 2.202497204826794341e-01 -1.975938792283743195e-01 9.552207700415564773e-01 -8.679590299261141784e-02
-3.278847224869751997e-02 8.916387327499392113e-02 9.954771317263882979e-01 -5.126039033591658356e-01 9.969016145161664344e-01 -6.833445700796070277e-02 3.895603881925957523e-02 -2.390493444539665280e-02 7.149886056894116937e-02 9.936700688297035455e-01 -8.664702677712110557e-02 -8.047259753692892481e-02
1.398724122046690610e-01 -7.253271304375868977e-02 9.875093487367900824e-01 -5.448027203943541785e-01 9.848897569994645718e-01 1.130451343391312147e-01 -1.311981865720087126e-01 -3.594819975928997824e-02 -1.021169665706096463e-01 9.909388493447817137e-01 8.724862175219438853e-02 -9.100345683369609473e-02
9.973275164330657194e-01 7.180803206034239161e-02 -1.346965096332662648e-02 -5.525216028924884171e-01 -7.123062106346830791e-02 9.966843963112564930e-01 3.932445514662444297e-02 -7.781510735832608550e-02 1.624880267483083673e-02 -3.825990958284054833e-02 9.991357043616984068e-01 -1.393478061725591521e-01
9.933079875546145798e-01 1.063871372376591906e-01 -4.495574368839994756e-02 -5.525880198352529638e-01 -1.028962995422180726e-01 9.919430541557706649e-01 7.390080414068615766e-02 -7.302696422239368657e-02 5.245563268820400277e-02 -6.878047937094790287e-02 9.962518016328918424e-01 -1.576466093521262934e-01
5.315661109624749692e-01 8.005843865818994542e-01 -2.765901473977582237e-01 -5.633278612862318013e-01 -3.381455416226500921e-01 4.999740159020287233e-01 7.972976709507701987e-01 -7.303560003572505399e-02 7.765919535746906854e-01 -3.302886970274365730e-01 5.364832842307054594e-01 -1.605583285028829854e-01
9.467955549235396173e-01 2.759673042665859999e-01 -1.655905315918162202e-01 -4.947922427144105795e-01 -2.293380244985435412e-01 9.394990207596762843e-01 2.544516860048581242e-01 -2.008127661352732130e-02 2.257924881304340381e-01 -2.029375198612691500e-01 9.528032930969669856e-01 -6.829749196699860803e-02
7.481536637510688426e-01 5.968282565178301136e-01 -2.899346954707904267e-01 -4.250564263534886700e-01 -3.521188761209510520e-01 7.274763379146782505e-01 5.888891872445675135e-01 4.198233949424429179e-02 5.623863374008751803e-01 -3.384881238627674982e-01 7.544185824253619721e-01 -1.869811267931409393e-02
-2.510258810862411316e-01 8.647293696437901023e-01 4.350047405492607488e-01 -3.801379341361540432e-01 4.230848578184399078e-01 -3.061801694300212429e-01 8.527912446387766465e-01 6.322243776213265498e-02 8.706234605784677338e-01 3.981165923737124968e-01 -2.889947556048662047e-01 3.714578020163855632e-02
-3.004227214238892607e-01 6.828296551832717665e-01 6.659503363273858723e-01 -3.446725727104770209e-01 6.630185486560733477e-01 -3.524242957648053842e-01 6.604570537837225475e-01 1.057080108590287004e-01 6.856767405930132009e-01 6.399537309501174276e-01 -3.468524609293792693e-01 8.145125798121907734e-02
-1.583650450984677160e-01 2.570281062773385750e-01 9.533399525218932968e-01 -3.702789043745210451e-01 9.562565379852270286e-01 -2.005857567941715658e-01 2.129290673717841309e-01 1.208617041730278979e-01 2.459551708166929918e-01 9.453580838786934670e-01 -2.140190346528476617e-01 7.069018303584348462e-02
-1.880796236118909004e-01 2.996162636382018185e-01 9.353374523376541960e-01 -3.368585501679213778e-01 9.391979332892250731e-01 -2.236970736809529292e-01 2.605126893873447314e-01 8.491701788913938453e-02 2.872860896167065414e-01 9.274641307296268566e-01 -2.393261141678437731e-01 8.621092710799671543e-02
-1.527552969664331961e-01 9.564060484713416965e-01 2.489041777394072619e-01 -3.426515708473187871e-01 2.288152253600663211e-01 -2.107885631760044731e-01 9.503745442075024474e-01 1.150650956957793292e-01 9.614101163874442246e-01 2.021278112522600368e-01 -1.866411959516223185e-01 9.820400460542580423e-02
