1.000000000000000000e+00 0.000000000000000000e+00 0.000000000000000000e+00 0.000000000000000000e+00 0.000000000000000000e+00 1.000000000000000000e+00 0.000000000000000000e+00 0.000000000000000000e+00 0.000000000000000000e+00 0.000000000000000000e+00 1.000000000000000000e+00 0.000000000000000000e+00
2.779000898161751998e-01 9.364770632680103901e-01 -2.139678715440354040e-01 7.342388286342264869e-02 -2.141784112995395173e-01 2.775389103001926205e-01 9.365360438352531292e-01 6.153528581624948673e-02 9.364289338830615872e-01 -2.144361519014569284e-01 2.777012577291075868e-01 1.137713980587057860e-01
9.775735753151595375e-01 -1.650201941593347210e-01 1.308366934967082618e-01 3.909618856123376340e-01 1.768657961520888056e-01 9.805827052964243284e-01 -8.471155898124900496e-02 -1.253970712163022527e-01 -1.143170809504156366e-01 1.059523175450227256e-01 9.877781691299999389e-01 2.486923306888975393e-01
3.915093510725264903e-02 9.947779834952765743e-01 -9.425480270680502981e-02 4.138512162321836829e-01 -1.700783772441033515e-02 9.497687018950884408e-02 9.953341788489658004e-01 -1.072937925506833867e-01 9.990885535007232310e-01 -3.736519345696270866e-02 2.063745579658338158e-02 2.995352067240186766e-01
-1.758397119703589695e-01 9.743241507359212683e-01 1.406159485510333762e-01 4.689420258615694115e-01 2.045695277171786230e-01 -1.035572334955201512e-01 9.733587250959045978e-01 -4.234002568094014096e-02 9.629287118077596297e-01 1.999208560492876097e-01 -1.811075572491889218e-01 3.687450702098648003e-01
6.306699629245793304e-03 -6.885731253216670344e-02 9.976065838047754042e-01 3.542036360654505223e-01 9.964328443546777159e-01 8.438815941367516782e-02 -4.745966907039878002e-04 -1.752749412795591710e-01 -8.415350397359083745e-02 9.940509589863186779e-01 6.914389855473279667e-02 2.335285430930387207e-01
8.594613672890367706e-01 -3.117146350323074522e-01 4.051668106401792868e-01 2.612077938159912405e-01 4.285527687483328130e-01 8.714340120573447201e-01 -2.386321165052550930e-01 -2.666197304288140391e-01 -2.786910162452272410e-01 3.787304436354635984e-01 8.825500374074477516e-01 1.125298665716960994e-01
-2.773311656755077514e-01 3.327434300676143653e-01 9.013152801833017591e-01 2.354554609197998527e-01 9.097858011908019904e-01 -2.105974724028334411e-01 3.576849180062658395e-01 -2.347226779840271838e-01 3.088320263455128223e-01 9.192010195623030455e-01 -2.443200056052474700e-01 1.577600939999027063e-01
1.519268132131734728e-02 9.971785850181319466e-01 -7.351225758677981670e-02 3.821595942526123113e-01 2.196149982581552251e-03 7.348728672622828473e-02 9.972937358746776226e-01 -1.522453227592949487e-01 9.998821727381296265e-01 -1.531300985610878351e-02 -1.073484803718383063e-03 2.611156228035998450e-01
-3.636412995828324224e-01 5.381401666114249416e-01 7.603750168943854693e-01 4.628166262011123022e-01 7.806528318966008406e-01 -2.693306075377659425e-01 5.639522851227362077e-01 -4.537160145459251392e-02 5.082776419335468532e-01 7.986652521067673094e-01 -3.221609128800508870e-01 3.370364999494819269e-01
6.575065254730483311e-02 -1.047746337792477833e-01 9.923200732656918266e-01 1.681255282029022746e-01 9.906222773999809883e-01 1.262181706934805137e-01 -5.231134585982638585e-02 -3.522037135350790660e-01 -1.197679222850533409e-01 9.864538760140870721e-01 1.120910134145709502e-01 8.408764941272101057e-02
-2.914351141312263582e-01 8.908403742799184677e-01 3.485240333235768428e-01 2.416722598932774524e-03 3.900608204712978089e-01 -2.220065222820839512e-01 8.936250110630703514e-01 -5.673576019565469419e-01 8.734518478912143280e-01 3.963792774818446496e-01 -2.827814311414271753e-01 -1.166111587665936700e-01
-2.964626848969507122e-01 3.570214320061348978e-01 8.858022203358831836e-01 -1.677323589104828816e-02 8.971104498898763158e-01 -2.140199632755117598e-01 3.865078214188331640e-01 -6.140041537128048121e-01 3.275709345501757186e-01 9.092475748704738070e-01 -2.568387245531469354e-01 -1.084283242345451814e-01
9.940716946428506118e-01 5.267976342806496987e-02 -9.511208353860352294e-02 -1.135744487659995361e-01 -4.171774625099437112e-02 9.926305998967197564e-01 1.137722364921066598e-01 -7.136591461429639960e-01 1.004046590434369696e-01 -1.091298981665488055e-01 9.889436635969360845e-01 -2.373357604144715471e-01
4.127544893495027623e-01 8.547808637669844778e-01 -3.146162844793625180e-01 -1.221750390599275204e-01 -2.383113686892852634e-01 4.347259588945469044e-01 8.684589985811974611e-01 -7.202412780629924294e-01 8.791139989075766881e-01 -2.834837131141483280e-01 3.831390887442112092e-01 -1.984407002717292201e-01
9.608051250517369857e-01 1.934557528501055501e-01 -1.985658162008633321e-01 -1.384931091619052979e-01 -1.415113856870514886e-01 9.581678001063602679e-01 2.487749878108100332e-01 -7.304426841238167434e-01 2.383863238427211817e-01 -2.109249594726451127e-01 9.479887246566893744e-01 -2.214406717785846190e-01
4.472195937666239018e-01 8.334287963399145127e-01 -3.246399180363027104e-01 -1.466727157180444108e-01 -2.484270443170648601e-01 4.644230642457323199e-01 8.500560105360654983e-01 -7.452990735613407303e-01 8.592314231934858881e-01 -2.995123684057234281e-01 4.147453466512809328e-01 -1.998592540641473125e-01
7.616898609092407346e-01 -3.229875209802353098e-01 5.617006472126443439e-01 -3.697441883068955937e-01 5.614582762399807914e-01 7.617079562862294484e-01 -3.233660362064712523e-01 -4.910753301702067697e-01 -3.234086576294625259e-01 5.616761082877723688e-01 7.615292440537078100e-01 -3.633624737418407746e-01
3.034684020281437355e-01 -2.221986037426285088e-01 9.265714810338763208e-01 -4.191567685732129345e-01 9.097027410069431497e-01 3.568478432153037172e-01 -2.123688767146461043e-01 -7.191846405777397866e-01 -2.834569667073635890e-01 9.073518596924856627e-01 3.104267236203226421e-01 -1.010959386440809793e-01
7.411863754693522877e-01 -3.190012698219495402e-01 5.906614484377562535e-01 -4.582888507335322048e-01 5.609783316378551543e-01 7.775990116417946796e-01 -2.839772676228023984e-01 -7.513164856224514576e-01 -3.687086495478686388e-01 5.418283556124466882e-01 7.552985931424069932e-01 -1.015943590644138861e-01
9.948015811327381996e-01 -6.520771356591434365e-02 7.821616372150885788e-02 -4.664311317110853561e-01 6.606459542336004520e-02 9.977798605923524633e-01 -8.415404200246719840e-03 -8.150991088769263815e-01 -7.749376366748464418e-02 1.353897661610529643e-02 9.969009041548897443e-01 -1.665290367627676460e-01
6.095787477641984031e-01 -3.204926621210431037e-01 7.250504836222086968e-01 -4.916189849508464382e-01 6.945366317409527035e-01 6.568297600042946049e-01 -2.935873524909291543e-01 -7.871748229620368908e-01 -3.821421429836862060e-01 6.825387314279445228e-01 6.229833566449173299e-01 -1.069213801280275433e-01
5.409915713260337045e-01 -3.080214790854033935e-01 7.825924151026697473e-01 -4.577561251939009646e-01 7.520641753493124693e-01 5.937020521041755927e-01 -2.862120708206576936e-01 -7.500279107554945757e-01 -3.764672574213427381e-01 7.433980372245618806e-01 5.528397257255681652e-01 -5.026089713168598733e-02
7.337222736621935582e-01 -3.202404091486372728e-01 5.992476161657172007e-01 -4.100946338254374823e-01 5.693623667545361089e-01 7.710813259327784497e-01 -2.850615444450924629e-01 -7.045373951487734487e-01 -3.707804208094791498e-01 5.503450455360361371e-01 7.480923809251661671e-01 -5.482269435159906751e-02
5.035307451829728054e-01 -3.027233929382192601e-01 8.092066089840421750e-01 -4.092023428029372134e-01 7.850645404254882331e-01 5.513751949089795712e-01 -2.822393696945940667e-01 -7.027713754779301158e-01 -3.607359921355186572e-01 7.773956147336164024e-01 5.152917641210129629e-01 -7.805579554071967463e-02
9.647511431494583123e-01 -1.612085770799499551e-01 2.080072750354447220e-01 -4.165553370887901674e-01 1.859236867999992660e-01 9.769159889874049485e-01 -1.052023438306215197e-01 -7.480552040522319146e-01 -1.862461126534164790e-01 1.401675609284058210e-01 9.724533101310687266e-01 -7.135593062796412311e-02
2.343212997206517434e-01 -1.821545388223402839e-01 9.549414916546696830e-01 -4.024772204018295385e-01 9.410916660373862541e-01 2.888456156598621094e-01 -1.758257274378595136e-01 -7.037654004976114930e-01 -2.438032087815945048e-01 9.398871923270878392e-01 2.391067984966184223e-01 -9.061158419199388803e-02
4.746027593390592658e-01 -2.927862496437600437e-01 8.300773655794336792e-01 -4.183457684589065306e-01 8.059078334216893680e-01 5.237468054569183185e-01 -2.760468217589753248e-01 -6.993439382111388269e-01 -3.539276548354332030e-01 7.999784345800922125e-01 4.845304111709354267e-01 -6.459955489260529871e-02
4.812747997351893847e-01 -2.963081193986175088e-01 8.249703422052867552e-01 -4.019098450332186934e-01 8.015298691838343981e-01 5.297550046456837025e-01 -2.773256278438708256e-01 -6.943930552641806031e-01 -3.548583322200548618e-01 7.947082064703411275e-01 4.924575419492476236e-01 -7.279665931110390620e-02
6.801088126538628043e-01 -3.247159483899829668e-01 6.572758597512515788e-01 -4.152568757223536466e-01 6.295340921361195496e-01 7.181218391334942552e-01 -2.966274616381285867e-01 -6.856820606877227497e-01 -3.756844816982791713e-01 6.155165123867285537e-01 6.928207511256960771e-01 -8.215615049185429064e-02
2.637638076439612345e-01 -1.967035491471453290e-01 9.443179377360551019e-01 -4.980877241121719479e-01 9.278652855341196215e-01 3.192939975091422244e-01 -1.926586490540160290e-01 -7.840716309759144798e-01 -2.636184092165151927e-01 9.270162117824847225e-01 2.667325953358635759e-01 -1.333719887093343104e-01
3.030305601510026037e-01 -2.168502628670581633e-01 9.279808419946271592e-01 -5.164655145712482298e-01 9.094331103474619926e-01 3.568024975411305810e-01 -2.135963378715856065e-01 -7.795239550114663185e-01 -2.847874600791099886e-01 9.086627213894599153e-01 3.053328697320190077e-01 -1.329775424231678382e-01
8.286805814237023782e-01 -2.905417303056370137e-01 4.784077726399112440e-01 -5.188037428464208345e-01 4.462343024571948646e-01 8.588983893032199335e-01 -2.513334521365495067e-01 -7.948746599387034317e-01 -3.378808092831187548e-01 4.217571099618132036e-01 8.414021029893161696e-01 -1.294815668597220082e-01
7.102594068162439989e-01 -3.235143352376137482e-01 6.251960092041551897e-01 -4.902707072803957900e-01 5.959843636503289188e-01 7.489951177305946839e-01 -2.894977580224849523e-01 -7.951434184564912799e-01 -3.746120837791404590e-01 5.782255515899463738e-01 7.247903132459433406e-01 -1.258689983658655143e-01
7.310205777286951090e-01 -3.205181810000733433e-01 6.023927378260871546e-01 -4.148268296093364782e-01 5.729991181055374971e-01 7.677085980504603224e-01 -2.868719559832800803e-01 -7.008246805352077446e-01 -3.705144067205498604e-01 5.548798105245864587e-01 7.448674179239671567e-01 -6.531691748734991254e-02
-1.091455636658316131e-01 9.864270902170588773e-01 1.226737201603288474e-01 -3.509594141957289581e-01 1.775188149815813410e-01 -1.020842564689372622e-01 9.788083954016332244e-01 -6.418821295981468333e-01 9.780461728669068711e-01 1.286094874692028656e-01 -1.639673244073525105e-01 8.069845173825918039e-03
-2.272136259987780349e-01 9.266666461427996992e-01 2.994376313807993739e-01 -2.996329715753940359e-01 3.512297284741467962e-01 -2.088076956258826389e-01 9.127086194856421919e-01 -5.828001280663508421e-01 9.083015171166815005e-01 3.125512328784912364e-01 -2.780289208511783627e-01 6.526587386267657109e-02
-2.014204204743172966e-01 9.446712610199113902e-01 2.588938446912171232e-01 -3.184986599687226194e-01 3.123162462581435816e-01 -1.885759717650112854e-01 9.310733940974280642e-01 -5.923122900991296680e-01 9.283794356507323320e-01 2.683939482848531899e-01 -2.570531306654242343e-01 7.006577572287304989e-02
-1.417489342842614963e-01 9.766218652782372445e-01 1.616074623578169223e-01 -3.032181086670758252e-01 2.155935062230109889e-01 -1.288792787625527847e-01 9.679408926066266350e-01 -6.042565186255695053e-01 9.661400932078871850e-01 1.720461094186709339e-01 -1.922848317734762169e-01 3.024342546968163473e-02
3.432878752736825412e-01 9.063930617602278250e-01 -2.461809340363316223e-01 -3.325757064101848570e-01 -1.959553692100599598e-01 3.254587286161413351e-01 9.250287072547067613e-01 -6.217526316415250554e-01 9.185613359856976690e-01 -2.693106636590629210e-01 2.893386225025711411e-01 4.564668698895402166e-02
