1.000000000000000000e+00 0.000000000000000000e+00 0.000000000000000000e+00 0.000000000000000000e+00 0.000000000000000000e+00 1.000000000000000000e+00 0.000000000000000000e+00 0.000000000000000000e+00 0.000000000000000000e+00 0.000000000000000000e+00 1.000000000000000000e+00 0.000000000000000000e+00
2.778966737090252659e-01 9.364743742802247306e-01 -2.139840766457203891e-01 7.724520326764744427e-02 -2.141656578442211467e-01 2.775511829124588381e-01 9.365353233402610167e-01 6.508212060396600940e-02 9.364328645138486618e-01 -2.144320106242462165e-01 2.776912009373571077e-01 1.174691302661573927e-01
9.768540459929587749e-01 -1.675136866307575800e-01 1.330238234999985281e-01 3.851259112549264563e-01 1.797762650471917689e-01 9.799250399836232361e-01 -8.618242592765862353e-02 -1.095429997493984342e-01 -1.159166396720861941e-01 1.081021776120483779e-01 9.873587250045774422e-01 2.468373962463547566e-01
1.302069012383115787e-01 9.852611082186715219e-01 -1.109356187237977021e-01 -1.077551543884112117e-01 -1.179901862381773081e-01 1.264907990898020973e-01 9.849255777453967964e-01 -6.360286000382031624e-02 9.844412013022396657e-01 -1.151547931149136117e-01 1.327211166365949158e-01 -5.113207777514988672e-02
-1.187228187860327466e-01 9.830151971253608956e-01 1.399500429442139815e-01 -6.275827064450012482e-02 1.345630370233329987e-01 -1.237177015003312341e-01 9.831514224179979111e-01 -1.950352808299762181e-02 9.837670869502377347e-01 1.355546109730813020e-01 -1.175893961094307549e-01 5.638427527341283163e-03
-1.551462422430294197e-01 1.829712974646813817e-01 9.707992314695963465e-01 6.879374708343413691e-02 9.711757891066137294e-01 -1.517616183605190461e-01 1.838096783244643762e-01 9.340234547624599870e-02 1.809619578005667306e-01 9.713340905665196479e-01 -1.541520493937680314e-01 1.199468845635143499e-01
6.468917735736854357e-01 6.815776257315432352e-01 -3.420277377419033704e-01 1.674927212195302106e-01 -3.214218738582385049e-01 6.504225302438895184e-01 6.882140009884972764e-01 1.520218441887209448e-01 6.915338113846281054e-01 -3.352647793211943616e-01 6.398269418042354939e-01 1.905966105046269787e-01
8.938334785602717325e-01 3.602377383032090985e-01 -2.670027799612448294e-01 1.096344498979820448e-01 -2.486909571287966580e-01 8.937518454881820951e-01 3.733101211175925971e-01 9.608937264370995268e-02 3.731146210579361910e-01 -2.672759072356826748e-01 8.884531889549023287e-01 1.267361390946263322e-01
-1.041987235115735544e-01 1.195037161368964207e-01 9.873507420608095275e-01 1.750345482556459747e-02 9.873273437472485092e-01 -1.070507571487553378e-01 1.171531121348529103e-01 7.722011172295673020e-02 1.196968767661122923e-01 9.870455902456333197e-01 -1.068347343755196022e-01 8.282731808524336492e-02
-3.332310976323076268e-01 7.019839902312957625e-01 6.294247477099355059e-01 -4.021003862210885405e-02 6.265397173439947176e-01 -3.339932120370450175e-01 7.041992025724574944e-01 6.015227103556387150e-03 7.045601593627581760e-01 6.290206767445136737e-01 -3.285239261706811575e-01 1.610984867674563475e-03
9.215664312248853518e-01 -2.290396306569259244e-01 3.134583870754897861e-01 -9.498971779248056857e-02 3.092807480583924518e-01 9.211710970197279913e-01 -2.361974362602438093e-01 -2.479784904042854621e-02 -2.346502327292044054e-01 3.146182728387048044e-01 9.197579087325753466e-01 -5.792569639519051794e-02
6.918049186256283178e-01 -3.320764722216915654e-01 6.411951116175044207e-01 -1.028272201497931887e-01 6.393190476235971476e-01 6.944775522783734889e-01 -3.301092012154397404e-01 -9.010573544205718877e-02 -3.356741126614392057e-01 6.382994171846274600e-01 6.927458005002414820e-01 -5.960275211334754852e-02
9.629014627036488472e-01 -1.674204068910611909e-01 2.116392697010766877e-01 -1.784395716778687524e-01 2.056926454667848403e-01 9.630169614088519570e-01 -1.740369720482901894e-01 -1.084936469941820969e-01 -1.746748657479063882e-01 2.111130962192855065e-01 9.617275871475547966e-01 -1.284100498362205078e-01
2.834219614683692878e-01 9.350109888990547624e-01 -2.131347986496668345e-01 -3.067006442627629448e-01 -2.194055860680543812e-01 2.795747413818956417e-01 9.347187559813807667e-01 -2.737908961841828970e-01 9.335594145846080050e-01 -2.181568578322901075e-01 2.843842555789370952e-01 -2.426797049830371200e-01
-3.177135924802838574e-01 7.686906256772049195e-01 5.551331328152371292e-01 -3.231735160396913553e-01 5.523054105989472218e-01 -3.258621163546759902e-01 7.673151989554098940e-01 -2.465972935708625191e-01 7.707248578944374540e-01 5.503895012814461474e-01 -3.210211679979382282e-01 -2.299497881939066291e-01
1.432602033064906966e-01 9.827683601187087170e-01 -1.168026733348487833e-01 -3.376784663951913346e-01 -1.290239969539121456e-01 1.355589357634379155e-01 9.823322162816006120e-01 -2.643109917840202883e-01 9.812386673784416757e-01 -1.256587652504534969e-01 1.462209025998388867e-01 -2.574982055076188159e-01
-3.084843709453224392e-01 7.918549994316920193e-01 5.270702541004411712e-01 -3.709341647105121598e-01 5.205594355957404717e-01 -3.232266179711220655e-01 7.902799677628138397e-01 -2.459827540648860111e-01 7.961502790897662107e-01 5.181604127198304877e-01 -3.124972316602212530e-01 -2.637171112623989400e-01
5.607260805663834002e-01 -3.195358321486534425e-01 7.638606643529494145e-01 -2.988467238896463929e-01 7.625363950473091901e-01 5.588068561263923595e-01 -3.259956192564426036e-01 -2.230732624718752832e-01 -3.226832948897661035e-01 7.652658031816168549e-01 5.569952797644511788e-01 -2.473213868853028075e-01
9.918779105064630119e-01 -7.230782256248599604e-02 1.046412416096301479e-01 -3.519183787707142463e-01 8.264458310851185985e-02 9.917415028398248733e-01 -9.807478997084778660e-02 -1.713442228135517997e-01 -9.668548770189466790e-02 1.059262495384296621e-01 9.896623394504658888e-01 -2.417924677517320764e-01
-2.446967370335715319e-01 3.613816040624833748e-01 8.997370966734392628e-01 -3.937062800113552696e-01 8.970226207250848738e-01 -2.678813502490975385e-01 3.515536944710168088e-01 -1.923383782973282774e-01 3.680678263481119150e-01 8.931085703507423146e-01 -2.586177812398624543e-01 -2.711309226171954578e-01
-1.394265850009104302e-01 1.879041628002863229e-01 9.722408410457294980e-01 -4.573899524743675338e-01 9.708888523559978667e-01 -1.671763394399796709e-01 1.715427290860856435e-01 -2.194489634257404120e-01 1.947692577534693714e-01 9.678554112747277394e-01 -1.591252308730153331e-01 -3.222486538796377475e-01
-2.176360616375778712e-01 3.024483126377929265e-01 9.279868333427130356e-01 -4.201852774639263099e-01 9.262776883608986322e-01 -2.356807519179775490e-01 2.940480015578522677e-01 -2.716918622592154331e-01 3.076429565578811531e-01 9.235689478094900595e-01 -2.288584932275774531e-01 -3.157642163209462005e-01
-2.560271636134241469e-01 3.748182453536236802e-01 8.910451023613206178e-01 -3.924263788102487216e-01 8.890888744324958459e-01 -2.705052481256249308e-01 3.692531436519563282e-01 -2.734183710780331289e-01 3.794351919003075557e-01 8.867571221515648805e-01 -2.639900404580672877e-01 -2.986028218691884617e-01
5.896745473308333541e-01 7.454370602551216862e-01 -3.108174985878032759e-01 -3.574721481730747663e-01 -3.457603672692187158e-01 5.807986320287006343e-01 7.369686000498563150e-01 -1.255480173522791065e-01 7.298860847118761042e-01 -3.271032531660182929e-01 6.002247621617887718e-01 -2.319311497941430322e-01
8.150910548311001147e-01 -3.045184294755666210e-01 4.928438885124364344e-01 -1.702258759756457018e-01 4.897700834933029768e-01 8.165937180930464834e-01 -3.054504295068792841e-01 -1.389812682480773276e-01 -3.094379382837332271e-01 4.903501052112749781e-01 8.147422516784090796e-01 -1.197875282398425806e-01
-1.665278878784079986e-01 9.640059069522962654e-01 2.072705331682178631e-01 -1.291646748070412465e-01 2.020771530517911918e-01 -1.723785266541932870e-01 9.640801148053064207e-01 -7.372062575177085186e-02 9.651079145739296372e-01 2.024308645182610333e-01 -1.660977372427154819e-01 -5.166246250680269630e-02
6.519599050177146138e-01 -3.339021288416078592e-01 6.807772400751472830e-01 -2.593387716291309375e-02 6.799968923402398557e-01 6.547058040151211289e-01 -3.300977682392444712e-01 -2.886932425364477015e-02 -3.354884627776470452e-01 6.781369172548830093e-01 6.538943437583286666e-01 -1.048082875510117189e-04
-6.797919640348526471e-02 9.949330699167122649e-01 7.407438992285264590e-02 -4.370931633912017444e-02 7.554904157894853922e-02 -6.889950192283089692e-02 9.947588657314335725e-01 -4.652305424866295946e-02 9.948221806799639744e-01 7.321915747188223467e-02 -7.048250709409420445e-02 2.066410020895573241e-02
8.591417258384865807e-01 -2.829058683146886133e-01 4.264267400109645889e-01 -3.271115372674051475e-02 4.234901571037961721e-01 8.608561142823252244e-01 -2.821043022340111728e-01 -2.159932223195110135e-02 -2.872831038530959669e-01 4.229551042082934087e-01 8.594052583413036572e-01 6.765713352234341976e-03
9.923343956123079623e-01 9.249160707885481503e-02 -8.196188080276180232e-02 -2.735289275254879082e-02 -8.479432734359676482e-02 9.920597980744071398e-01 9.288314752910475924e-02 -2.324137157557013694e-02 8.990199850449577534e-02 -8.522123951537677322e-02 9.922978237406149260e-01 -2.558855396868689458e-03
8.122834281910555898e-01 4.970549546513499672e-01 -3.051753665398483917e-01 -1.707092907723894992e-01 -3.092414617253993470e-01 8.106398481546471801e-01 4.972250546118416881e-01 -1.574695834151416118e-01 4.945354897640054648e-01 -3.095147955112243499e-01 8.121793156215690868e-01 -1.234392693282415632e-01
8.603518687181282987e-01 4.245107196991541043e-01 -2.821086862429633690e-01 -2.706312455099971204e-01 -2.859505162835804803e-01 8.601720381272632832e-01 4.222989072459737425e-01 -2.631222444209899147e-01 4.219324166621690742e-01 -2.826565295274390266e-01 8.614396798877594907e-01 -2.500634372799845351e-01
-3.083131127483917933e-01 8.137617823327115696e-01 4.926812216048896964e-01 -3.771318539116559343e-01 4.905441301102090312e-01 -3.077391878421398275e-01 8.152686972285142497e-01 -3.842937756929560300e-01 8.150518271385054359e-01 4.930399110426549880e-01 -3.043060387130611666e-01 -3.549814474148813015e-01
9.967927491134505047e-01 6.340229347490586309e-02 -4.882995491469957483e-02 -4.201295155397413161e-01 -6.052398452875133728e-02 9.964612002663201240e-01 5.832601186921861774e-02 -3.595713295485281069e-01 5.235515840500487572e-02 -5.518356228014526660e-02 9.971026586277162984e-01 -3.396073303705547941e-01
5.768257930999209915e-01 -3.204301630873176987e-01 7.513963767536294691e-01 -4.113430446277213659e-01 7.477376253100955772e-01 5.774609604285976250e-01 -3.277610148820339631e-01 -3.522352916420835034e-01 -3.288775579304045182e-01 7.509083497769328819e-01 5.726920657081053800e-01 -3.322416842609386967e-01
1.323970250746502320e-01 9.893043712728154526e-01 -6.122000271056543541e-02 -3.179338409820523514e-01 -1.321322280776012770e-01 7.882806824811283697e-02 9.880927132407766322e-01 -3.489842641888663555e-01 9.823502949837350506e-01 -1.227314003699545020e-01 1.411555925516192467e-01 -3.264927569645563743e-01
6.551185958941785348e-01 6.799563935485580801e-01 -3.293613944986240605e-01 -3.014208250518841115e-01 -3.367836448104296609e-01 6.530463412207033747e-01 6.783120615221690519e-01 -2.829783003831544685e-01 6.763108766697769614e-01 -3.334513144233967052e-01 6.568209946457762571e-01 -2.592594594097531457e-01
3.032784623255015966e-01 9.260712534540309626e-01 -2.245310842969395759e-01 -3.002851572965949956e-01 -2.286784533645875306e-01 2.994748952991563851e-01 9.262942038317738547e-01 -2.917523919537767241e-01 9.250558573709263266e-01 -2.295796607098273268e-01 3.025968276966913839e-01 -2.378845600798514537e-01
1.219943108728650527e-01 9.865772361138291924e-01 -1.085483546473754446e-01 -2.697895530106048656e-01 -1.133778128128227203e-01 1.225012889149943440e-01 9.859710471286392552e-01 -2.639614889872307635e-01 9.860339039183364518e-01 -1.079758834007052970e-01 1.268004295237283863e-01 -2.537566181749342231e-01
3.657599831756540576e-01 -2.565528145079061795e-01 8.946509308525963933e-01 -2.863814868811095371e-01 8.939988385860815345e-01 3.641569560013627749e-01 -2.610666351768433646e-01 -2.204395980221139917e-01 -2.588159796343393326e-01 8.953046212121846814e-01 3.625519603064143448e-01 -2.300579360301616971e-01
