1.000000000000000000e+00 0.000000000000000000e+00 0.000000000000000000e+00 0.000000000000000000e+00 0.000000000000000000e+00 1.000000000000000000e+00 0.000000000000000000e+00 0.000000000000000000e+00 0.000000000000000000e+00 0.000000000000000000e+00 1.000000000000000000e+00 0.000000000000000000e+00
9.999845433293242936e-01 1.039190967530931840e-03 5.461976251840342314e-03 1.070967885557121413e+00 -1.017315270455027270e-03 9.999914571110780637e-01 -4.006341785656057641e-03 -1.661351158834217193e-03 -5.466092944980424292e-03 4.000723309102602321e-03 9.999770577572871799e-01 1.146583973008507076e-02
9.994040015574536806e-01 1.485423303536924150e-03 -3.448818911683202565e-02 2.210963809962675608e+00 -1.836751023582131872e-03 9.999467248293283372e-01 -1.015745286854892286e-02 1.456276592088747920e-02 3.447126363547515365e-02 1.021474525912086616e-02 9.993534864914740412e-01 -6.744987239736145723e-02
9.999981174683406637e-01 1.634254701995569310e-05 -1.940307371502503512e-03 3.375780336339500476e+00 -1.613967234726777463e-05 9.999999944019345444e-01 1.045736194303637759e-04 5.965434277816376168e-03 1.940309069639828280e-03 -1.045421066419854200e-04 9.999981121340490997e-01 3.991357260453387568e-02
9.999930316966579857e-01 -2.233535338329157693e-03 2.991300389333486145e-03 4.512102893648348712e+00 2.223607605066696673e-03 9.999920228844516590e-01 3.318092325559858068e-03 5.976320253567340979e-03 -2.998687603849617758e-03 -3.311417725791256182e-03 9.999900211428611740e-01 5.437855081571998928e-02
9.999639073719925886e-01 -2.133252948590241491e-03 -8.223939761115248506e-03 5.530482329122885510e+00 2.122274937630683547e-03 9.999968456339741740e-01 -1.343380508576025615e-03 2.160080760827539498e-02 8.226779590230064512e-03 1.325878561199457734e-03 9.999652804690843944e-01 -3.296542907145022516e-02
9.997922654223340144e-01 -2.280140091996426047e-03 -2.025406040373592398e-02 6.679078252587751230e+00 2.169249860024905288e-03 9.999825481546698036e-01 -5.495247140780631055e-03 2.913473318732854797e-02 2.026623686632757215e-02 5.450169470240929896e-03 9.997797633959308872e-01 -8.792155851250371690e-03
9.999932664179544961e-01 -3.602243972321280980e-03 7.006833191982434796e-04 7.887111634024753570e+00 3.600751020078232171e-03 9.999912691534251774e-01 2.120426611155035342e-03 2.997754230591787722e-02 -7.083154956184689512e-04 -2.117889346912122696e-03 9.999975064138274528e-01 5.523169733102997747e-02
9.998721987511861586e-01 -6.607105205173238911e-03 1.455789563351221096e-02 9.061568844177449122e+00 6.597111917864015816e-03 9.999779691666300652e-01 7.343675683763140971e-04 4.386380175672534298e-02 -1.456242695472281974e-02 -6.382336485011233388e-04 9.998937585458758104e-01 1.046639026566087149e-01
9.999017862476168306e-01 -1.396442858921488270e-02 -1.188525557945777208e-03 1.017689690261003932e+01 1.395598336918180832e-02 9.998792168553559678e-01 -6.839753571516735478e-03 7.456659507268070808e-02 1.283895254408671605e-03 6.822494770732561234e-03 9.999759022986899337e-01 -4.181963225792600936e-02
9.995262647666842692e-01 -2.949113780114211159e-02 8.804477994416928799e-03 1.142081722313282377e+01 2.957898393932771597e-02 9.995122253189087091e-01 -1.001973787881305436e-02 1.053984466222570027e-01 -8.504689922455628548e-03 1.027541868914229675e-02 9.999110390530178138e-01 7.502593491959125283e-02
9.982737037009915548e-01 -5.437661495537541440e-02 2.219901450740249110e-02 1.262463757578099433e+01 5.435710257845636356e-02 9.985204601831264570e-01 1.481888981189577719e-03 1.426511863431842164e-01 -2.224675028808019428e-02 -2.726566930062907261e-04 9.997524732452266472e-01 7.609522815518271477e-02
9.965853607026220473e-01 -8.111267751816224336e-02 1.543866506727026820e-02 1.371856427585348293e+01 8.120638482180005113e-02 9.966819013492050905e-01 -5.541713372877357657e-03 2.331824308156145442e-01 -1.493793484382819649e-02 6.776508597207155787e-03 9.998654594663392015e-01 -4.746921732510023251e-02
9.932700383262209609e-01 -1.158140213013137548e-01 1.320391398922856740e-03 1.496606798878863920e+01 1.158215122250690482e-01 9.931962341565737651e-01 -1.210858220843420881e-02 3.533782272893005727e-01 9.093583279339608871e-05 1.218002164279986289e-02 9.999258166501429068e-01 -1.927908339736036925e-03
9.866918651628855397e-01 -1.602722787317019948e-01 2.742188708921700427e-02 1.616882390876278208e+01 1.600903876331536135e-01 9.870638520185600617e-01 8.718934897608349860e-03 5.206072096915618230e-01 -2.846455706405360761e-02 -4.212921602609635482e-03 9.995859244120625098e-01 1.389360191111932430e-02
9.785049845671618396e-01 -2.043215506553164029e-01 2.794099345093720502e-02 1.727584955330207350e+01 2.041470762620385682e-01 9.788989391988053290e-01 8.991000451292772977e-03 7.213271761238827517e-01 -2.918846400343398304e-02 -3.093666636969986429e-03 9.995691385771469095e-01 -6.066995536313046777e-02
9.679368567519975874e-01 -2.511934706386604876e-01 -2.857438840342069273e-04 1.851633384136735572e+01 2.511771187738073285e-01 9.678856385948640950e-01 -1.036559724766808466e-02 1.021879884436250663e+00 2.880337749557317431e-03 9.961471292766053975e-03 9.999462349267244088e-01 -1.148799536743785321e-01
9.502383834214871428e-01 -3.095908261813122841e-01 3.464873759448336421e-02 1.971339661680647382e+01 3.093220011369304245e-01 9.508684652443180063e-01 1.300236196081348827e-02 1.361282253397922304e+00 -3.697180392087622003e-02 -1.637726560710462374e-03 9.993149671482702834e-01 -7.501529167503506734e-02
9.298124639036069450e-01 -3.662586083961456573e-01 3.610282184570224456e-02 2.080932709305466943e+01 3.658300380283605602e-01 9.305061420970268671e-01 1.807492173913591293e-02 1.761287576869313032e+00 -4.021399315750582432e-02 -3.598790828386450730e-03 9.991846092984527639e-01 -9.873173781725697040e-02
9.076142071348971552e-01 -4.185216560929446716e-01 3.280357279490953015e-02 2.181448425367785049e+01 4.182837159813549421e-01 9.082063825912961574e-01 1.413858427359212730e-02 2.186245806524780733e+00 -3.570971788912848111e-02 8.888203706333940024e-04 9.993618093796798885e-01 -1.365445461140936956e-01
8.828554099792016441e-01 -4.689720807424735405e-01 2.512991354005445974e-02 2.275623356470740788e+01 4.688033543317710050e-01 8.832127441179431493e-01 1.259617382115042067e-02 2.642234115553561580e+00 -2.810231374345694214e-02 6.603875586038759557e-04 9.996048338471241745e-01 -1.892349972841134709e-01
8.564214113820284302e-01 -5.155772067905802780e-01 2.687954546560707841e-02 2.367134006253447609e+01 5.154273906276517492e-01 8.568381489280246788e-01 1.276681371237320395e-02 3.151321926605806567e+00 -2.961369813421850516e-02 2.920681362193085912e-03 9.995571511940655185e-01 -2.288563548235916512e-01
8.287164302350407130e-01 -5.588663842585174235e-01 2.995734975430970962e-02 2.455009316262941610e+01 5.584914870259219954e-01 8.292576867229068949e-01 2.046821757133560418e-02 3.711506694805862594e+00 -3.628136130391689668e-02 -2.314233873513087125e-04 9.993415878793149298e-01 -2.316350715541757310e-01
8.027892742290383410e-01 -5.958792455133101740e-01 2.138471298152837957e-02 2.542103412660705075e+01 5.958116979005694258e-01 8.030606740203314331e-01 1.009824177031294103e-02 4.322804054097021620e+00 -2.319055470778257771e-02 4.634501968861884022e-03 9.997203206716596124e-01 -3.108516521685757983e-01
7.778140748004245264e-01 -6.279573844614351197e-01 2.597668844777956815e-02 2.627540357183182707e+01 6.277914703501946692e-01 7.782344905683772351e-01 1.513100939524759589e-02 4.996715976158871086e+00 -2.971758398491226166e-02 4.538831361899409861e-03 9.995480299675287839e-01 -3.217445311087154813e-01
7.553972554808223716e-01 -6.548740683297215037e-01 2.269231238372272988e-02 2.713041272810819748e+01 6.547555774025325404e-01 7.557229086505692361e-01 1.334238363260063613e-02 5.712471726299972907e+00 -2.588668136933134148e-02 4.779118119764247732e-03 9.996534598337966093e-01 -3.650335835396697481e-01
7.370621484544989110e-01 -6.754861242596308379e-01 2.139825339463435200e-02 2.798162055922916736e+01 6.753073646795302309e-01 7.373673396084102771e-01 1.579144351867330445e-02 6.459826641407256709e+00 -2.644527415676166393e-02 2.811122821604112969e-03 9.996463099833138299e-01 -3.923905103788345450e-01
7.231646279510994813e-01 -6.903425242687749597e-01 2.145040947310170032e-02 2.881847633786311036e+01 6.901911175204130666e-01 7.234718289399616475e-01 1.499113158471724813e-02 7.236538590788058833e+00 -2.586778259285502785e-02 3.963825990482489244e-03 9.996575143053975099e-01 -4.252512570694969019e-01
7.135807993408336269e-01 -7.002247696969082780e-01 2.208426396800914487e-02 2.963592466024093852e+01 7.000247612373430295e-01 7.139148778115155247e-01 1.705523069236578038e-02 8.029382679248916688e+00 -2.770877959596797224e-02 3.289246460907362633e-03 9.996106263896065158e-01 -4.617426454282982928e-01
7.084839235116011658e-01 -7.053161444911286715e-01 2.407626311903338437e-02 3.042035211452014920e+01 7.049504474254644215e-01 7.088923593829434822e-01 2.272640497573922419e-02 8.818283856213179561e+00 -3.309677930320851363e-02 8.712798935704858111e-04 9.994517717584484595e-01 -4.805939336688620500e-01
7.057126283061561089e-01 -7.079648589198951347e-01 2.748535580541611872e-02 3.112568611164767063e+01 7.074987783158167565e-01 7.062464708090880894e-01 2.571772057035019016e-02 9.515853483540407609e+00 -3.761867795183646696e-02 1.296535476162315875e-03 9.992913259229838641e-01 -4.799784993417835488e-01
7.055798013472160957e-01 -7.081774119645020127e-01 2.533568854566768669e-02 3.175986602723017782e+01 7.079490591098086538e-01 7.060181875854902867e-01 1.861312719658296533e-02 1.015987453421126396e+01 -3.106885315488498028e-02 4.803330277989121926e-03 9.995057050271802801e-01 -5.110468559552366896e-01
7.065078822732971942e-01 -7.074600252556009217e-01 1.862592148177772203e-02 3.238919425051045664e+01 7.073414525615409065e-01 7.067438584599716744e-01 1.346060983911881795e-02 1.078698650373298484e+01 -2.268659899214285278e-02 3.664859404674917186e-03 9.997359086437346276e-01 -5.692501371793474707e-01
7.081069098010308593e-01 -7.058419660262583717e-01 1.928012676880523982e-02 3.304538528721582225e+01 7.057980054072113818e-01 7.083402959018584299e-01 1.015877772518544546e-02 1.144250911075404531e+01 -2.082738234240949851e-02 6.414374315084308067e-03 9.997625097726504650e-01 -5.973742574831764074e-01
7.108019585321786460e-01 -7.031658533440564574e-01 1.784260176498712880e-02 3.374152988728904035e+01 7.030987445894313348e-01 7.110094425548572072e-01 1.085025136099770221e-02 1.212876514793661009e+01 -2.031578459190527125e-02 4.832730983208019700e-03 9.997819330272272875e-01 -6.284505563508974157e-01
7.163327150100540219e-01 -6.974327973499504507e-01 2.132919564699245485e-02 3.445586020905989955e+01 6.973391523490620747e-01 7.166273680906747323e-01 1.277974587087186108e-02 1.283916391004824220e+01 -2.419809925213892154e-02 5.719133155940856958e-03 9.996908239593520484e-01 -6.593541534632970658e-01
7.217517859605728781e-01 -6.917157327884497775e-01 2.457039836188013027e-02 3.517726678706920751e+01 6.916175896336158591e-01 7.221346594258444274e-01 1.366174825222183156e-02 1.353448271517514989e+01 -2.719318245647057986e-02 7.132928490996438137e-03 9.996047479674310399e-01 -6.668149634390871938e-01
7.261283801304603269e-01 -6.870840037081268337e-01 2.555674896234531521e-02 3.590189543291310059e+01 6.869521348007919803e-01 7.265475250308573996e-01 1.501527103218720446e-02 1.424731894992640946e+01 -2.888494524398476163e-02 6.653248826429120077e-03 9.995606005732247112e-01 -6.897614471482067522e-01
7.294111420162381343e-01 -6.838675945582533000e-01 1.686709861463042692e-02 3.658936658015719701e+01 6.835309337001895802e-01 7.295925365391435768e-01 2.191331333517632443e-02 1.486743682002317613e+01 -2.729191414163241458e-02 -4.454631240299114503e-03 9.996175807192462237e-01 -6.658572216286697820e-01
7.311472103588756433e-01 -6.820551805520853605e-01 1.498290580950451673e-02 3.725440596806165416e+01 6.820278971662359080e-01 7.312861020009751023e-01 7.654051686655590284e-03 1.551888935049775498e+01 -1.617727639117719218e-02 4.622521204055259764e-03 9.998584539955051032e-01 -7.457176213516334418e-01
