1.000000000000000000e+00 0.000000000000000000e+00 0.000000000000000000e+00 0.000000000000000000e+00 0.000000000000000000e+00 1.000000000000000000e+00 0.000000000000000000e+00 0.000000000000000000e+00 0.000000000000000000e+00 0.000000000000000000e+00 1.000000000000000000e+00 0.000000000000000000e+00
2.778948091603673509e-01 9.364729101725255411e-01 -2.139929053840903261e-01 7.938897248285745056e-02 -2.141587065308802607e-01 2.775578675261947126e-01 9.365349318585676208e-01 6.707536345869978545e-02 9.364350075999634537e-01 -2.144297523370126135e-01 2.776857177709075586e-01 1.195450735697254074e-01
9.769647796512650473e-01 -1.671134517610165515e-01 1.327136525059635641e-01 3.891675930341519374e-01 1.793191634511137611e-01 9.800249610294921032e-01 -8.599833357882691320e-02 -1.099495489955170657e-01 -1.156912137551854014e-01 1.078154441611258174e-01 9.874165144761308799e-01 2.499018932916756697e-01
9.996720350283505585e-01 1.683358894309594511e-02 -1.929903276258014902e-02 1.663418253071385633e-01 -1.625152223650352251e-02 9.994198566972434250e-01 2.993055402524021774e-02 1.443765639815537127e-01 1.979167520127328092e-02 -2.960709919185379457e-02 9.993656534373047684e-01 1.626686986146344549e-01
-2.249941804594377537e-01 2.911586738032866939e-01 9.298409785702593799e-01 1.957878123324529041e-01 9.331148892222342894e-01 -2.103303991753358027e-01 2.916465784035902065e-01 2.153289450011192652e-01 2.804892551795229449e-01 9.332672446045964243e-01 -2.243613778638855472e-01 2.460984240454762717e-01
-1.986962780870873413e-01 2.476256551105931458e-01 9.482622654125750783e-01 1.489333228012778287e-01 9.501496593378928601e-01 -1.885445364195947882e-01 2.483275712570134353e-01 1.701923776274278099e-01 2.402819467509488272e-01 9.503328325999109705e-01 -1.978183342064241401e-01 1.821127877843495835e-01
5.130978709818242445e-01 7.986293807067352812e-01 -3.145181824090553802e-01 2.190527314457114127e-01 -3.032812844754930182e-01 5.114812126273561299e-01 8.039946713854169147e-01 1.769216345283944891e-01 8.029639078319862344e-01 -3.171404758166731508e-01 5.046492656469043769e-01 2.381217777997968188e-01
8.933193546724138567e-01 3.651718723362843977e-01 -2.619733463962973241e-01 1.350937974597090641e-01 -2.542907902903125961e-01 8.913287309920631118e-01 3.753255750433304727e-01 8.883699453201374108e-02 3.705627133714214372e-01 -2.686681911996484096e-01 8.891010507789982587e-01 1.238744978729842683e-01
5.364017126178568518e-01 -3.195957342245628885e-01 7.811093197280984946e-01 8.773959019215613053e-03 7.797199673271316689e-01 5.418483005098017058e-01 -3.137470187683326639e-01 2.627798295731228334e-02 -3.229705485830045575e-01 7.773409714533914272e-01 5.398435318199995558e-01 4.786196866112075315e-02
8.779570952682008711e-01 3.956243583944755726e-01 -2.695787564204250586e-01 -5.836693769692759964e-02 -2.733584863920766606e-01 8.765563058341274694e-01 3.961365681426803897e-01 -3.209594932668177747e-02 3.930222344672832380e-01 -2.740992698775157610e-01 8.777261038997055120e-01 -1.717285102127895369e-02
9.256404226274828062e-01 3.029881098676359130e-01 -2.266892438490462347e-01 -6.247448106173729421e-02 -2.293598612162339734e-01 9.257141139209361658e-01 3.007447977113585358e-01 -3.196417378726713887e-02 3.009715303162158739e-01 -2.263881281481285035e-01 9.263717144714112006e-01 -5.537346180212756458e-02
2.584760737680674714e-01 -2.035699008482892980e-01 9.443248459921312898e-01 -8.626749613535350525e-02 9.437272288455046398e-01 2.619965563977513234e-01 -2.018334015253787084e-01 -6.301602182193323520e-02 -2.063226522343811764e-01 9.433541752196457075e-01 2.598342996423548268e-01 -4.827637333916601214e-02
9.939960123061049035e-01 -7.126724771339677800e-02 8.302353234426415596e-02 -1.475851407062004905e-01 7.756044397872412233e-02 9.941463316926545390e-01 -7.521601366638447361e-02 -7.898923064421556339e-02 -7.717710184624021474e-02 8.120375967525075844e-02 9.937050087250336450e-01 -1.035731555262950354e-01
-1.171709513767047461e-01 9.838835408102127866e-01 1.350708935197976190e-01 -2.731365534475395651e-01 1.333941128511849650e-01 -1.191831783553976010e-01 9.838706117441211596e-01 -2.346032932606773036e-01 9.841122795749087659e-01 1.332987176227294346e-01 -1.172794656792595092e-01 -2.045269637777814009e-01
-2.568579053923261135e-01 3.631415608669134043e-01 8.956295122474523529e-01 -2.739184973972131898e-01 8.950457804223802549e-01 -2.602081486639735708e-01 3.621943819511291296e-01 -1.960758106021258107e-01 3.645779304696868950e-01 8.946619060516716182e-01 -2.581918017180848679e-01 -2.027135518095778965e-01
-2.120891034869223368e-01 9.371306555315646047e-01 2.771359714022943455e-01 -2.458862954068685713e-01 2.716441795016524274e-01 -2.158777368843629585e-01 9.378732550086710251e-01 -1.816634884524179483e-01 9.387372645873750532e-01 2.741950714011205381e-01 -2.087807723291272843e-01 -1.829780467403714361e-01
-2.699687949714213442e-01 3.946984189769521256e-01 8.782539540467628747e-01 -2.757101767171474815e-01 8.766682030515430268e-01 -2.764628635413326485e-01 3.937272492994425832e-01 -1.801100819864336344e-01 3.982081258589000861e-01 8.762313867578708226e-01 -2.713832075872077976e-01 -2.023372227052434857e-01
3.783346790509415358e-01 -2.609565367283366299e-01 8.881241785731167626e-01 -2.846225940428086520e-01 8.863555339346242956e-01 3.787667138514453358e-01 -2.662886477896579396e-01 -1.980070047400699362e-01 -2.669021133128927081e-01 8.879400105958339395e-01 3.746008535657415761e-01 -2.047968150647211938e-01
5.404513020561189096e-01 7.365768258045597427e-01 -4.066533779443189944e-01 -2.998855293360919161e-02 -3.049497196237147545e-01 6.219410564982523759e-01 7.212454441750432155e-01 -5.071531552308683466e-02 7.841671114037259693e-01 -2.657892058182893535e-01 5.607477502970650285e-01 -1.042847035211125206e-02
9.833593900128076992e-01 -1.163202471160545981e-01 1.395489526456530627e-01 -9.310363616403044551e-02 1.327497817791799817e-01 9.844734867850711835e-01 -1.148453275271757029e-01 -5.667507720105638414e-02 -1.240234071101855434e-01 1.314593242341681734e-01 9.835327348699061112e-01 -1.909608364920351020e-02
2.373302451258157975e-01 -1.968842313296274571e-01 9.512680769384946888e-01 -1.667725551965047737e-01 9.219890382692330633e-01 3.540733029469297355e-01 -1.567428130780679774e-01 -4.892471143580827408e-02 -3.059584417202679263e-01 9.142585496422734881e-01 2.655574068748826067e-01 -3.940861964837805848e-02
-2.883883614071298673e-01 4.054059855706935167e-01 8.674549785829610560e-01 -1.312961896314001620e-01 9.112747822514368767e-01 -1.619194029132846602e-01 3.786296055418831297e-01 -8.003860266570204940e-02 2.939565005872590286e-01 8.996822182435642024e-01 -3.227405799381799500e-01 6.412323270779306250e-03
-2.741915880974803432e-01 8.894122981886599666e-01 3.657386182061560520e-01 -8.418737845136274600e-02 4.733129635626166509e-01 -2.062520426434808485e-01 8.564081581985107938e-01 -5.698006265992149044e-02 8.371342852494786380e-01 4.079287422285396425e-01 -3.644177955639471556e-01 -1.649461905657034072e-02
4.305212471097441540e-01 -2.931069621549604043e-01 8.536625589326037877e-01 -1.054959164542537686e-01 8.278602030273680690e-01 5.050356518377006054e-01 -2.441034096778531004e-01 1.189965098064595661e-01 -3.595816180376237847e-01 8.118049637130579921e-01 4.600801678623900326e-01 -1.241015278219827767e-01
7.600387652891251733e-01 5.423648779613203796e-01 -3.580243209780367697e-01 9.731250838367525025e-02 -2.652538789837833311e-01 7.618280320695397512e-01 5.909809042914235810e-01 1.188718847054494460e-01 5.932802499172196153e-01 -3.542010568971449280e-01 7.228832245605834039e-01 -2.913026396321778400e-01
-2.791186796530720216e-01 3.875926598786689770e-01 8.785583035159955090e-01 -7.116958354194791170e-02 9.161095940099424073e-01 -1.667416261912548769e-01 3.646099859549026267e-01 2.271678083917358371e-04 2.878123945066720646e-01 9.066251486161600592e-01 -3.085366517369718675e-01 4.013626438756615761e-02
9.303997941346885403e-01 2.660820500135926414e-01 -2.521042755184710327e-01 9.630609233407100289e-02 -1.728807914624757025e-01 9.250253969384547581e-01 3.382901815929072464e-01 1.071308106284031836e-01 3.232158025490665665e-01 -2.711611286291200074e-01 9.066439142812048324e-01 -2.832389660962998379e-01
9.878337923245069652e-01 -1.069832311413904669e-01 1.128671209712140827e-01 -4.301460817604604858e-02 1.061758038791109637e-01 9.942603075866709439e-01 1.315824563849997755e-02 1.252160540150915047e-02 -1.136270100478201511e-01 -1.014402388777319551e-03 9.935229607690937437e-01 5.628179689478755854e-02
-2.660094787865554533e-01 3.587122770508399117e-01 8.947426778067013586e-01 -3.278110113131083025e-02 9.295266128517305493e-01 -1.504496294015253977e-01 3.366677665196547431e-01 5.024511679364324079e-02 2.553805654236324663e-01 9.212439477716776182e-01 -2.934115803746686346e-01 1.051621684777030719e-01
-1.473499512649518728e-01 1.610488485715267371e-01 9.758848601325884609e-01 -4.366604048347397238e-02 9.878725842765065934e-01 -2.486311937515361947e-02 1.532631153598070228e-01 5.243853916113176694e-02 4.894639003106354691e-02 9.866332113144795635e-01 -1.554321628048862536e-01 1.171483556606473242e-01
-6.959950357192057346e-02 9.954589752355391674e-01 6.494103268006257146e-02 -1.287041462010135584e-01 1.839238520787656594e-01 -5.117798142637441927e-02 9.816072691528064942e-01 -7.377957791081771188e-02 9.804733171989183926e-01 8.026358352411400165e-02 -1.795266872106124900e-01 3.652624225828856458e-02
6.121279831036567920e-01 7.140689357584248942e-01 -3.397129483641739833e-01 -1.604847823897736780e-01 -2.378999708105930533e-01 5.759995338995365088e-01 7.820665833775509723e-01 -1.429635684255178840e-01 7.541239528020368121e-01 -3.979071398358507983e-01 5.224624119282501589e-01 -1.065362665559417277e-01
9.898439764840226696e-01 1.057774856208138492e-01 -9.497381614969536978e-02 -2.438274543686749229e-01 -8.579903177642173029e-02 9.772120687284410190e-01 1.941522569472454718e-01 2.810208647478601440e-02 1.133464969221642388e-01 -1.840317805902534354e-01 9.763630858283482983e-01 -2.625368881157451595e-01
-2.169005150716056818e-01 9.378205735352386219e-01 2.710105872760485979e-01 -2.630523156400523810e-01 3.425060303501087366e-01 -1.868609997299726100e-01 9.207456684414683235e-01 3.110897615303820363e-02 9.141355401336734854e-01 2.925329701656751991e-01 -2.806789547339909596e-01 -3.458862088852815431e-01
5.744943430070919010e-01 -3.579432820811286886e-01 7.360929674068618089e-01 1.034876999349025051e-01 7.329658976673368853e-01 6.252436794271429843e-01 -2.680136828468338006e-01 1.241447948608075530e-01 -3.643037780610639542e-01 6.935033872659870369e-01 6.215591758964205127e-01 -3.013412292433003681e-01
5.424393525789601433e-01 7.750929793163874315e-01 -3.240222556988404667e-01 -4.457319839083748181e-03 -2.271627360610822266e-01 5.066563445017280287e-01 8.316828962539685177e-01 8.421910765170914637e-02 8.087995055135491773e-01 -3.775317496457649691e-01 4.509025813747863376e-01 1.298076616436910358e-01
3.372516775211271689e-01 -2.520158013647049722e-01 9.070553135678613987e-01 -7.442677919945850373e-02 8.874444650197470530e-01 4.066488327394974789e-01 -2.169770686902638412e-01 2.229330308097009494e-01 -3.141713346487883807e-01 8.781370978919578185e-01 3.607930290220271452e-01 -1.446898317864072636e-01
6.862655556953493052e-01 6.428265981141337848e-01 -3.403139018952406336e-01 -4.332236165016514762e-02 -2.513768103373559271e-01 6.486656073131841227e-01 7.183610715466387520e-01 -1.942618291732671476e-02 6.825315276899452943e-01 -4.074394367829751173e-01 6.067485632971878484e-01 6.946241171446762563e-02
9.971240294271286331e-01 -5.243468135374357297e-02 5.471996098626234761e-02 -1.244177199923467425e-01 5.075785990452516550e-02 9.982110293088710673e-01 3.159716164525928211e-02 1.502002671616752272e-01 -5.627885568239010539e-02 -2.872882102445947078e-02 9.980016759733548737e-01 -1.282182376919659972e-01
1.263094993974608338e-01 -1.189965889349277051e-01 9.848277626995569634e-01 -1.459287584672053772e-01 9.743657907884905045e-01 2.011949442636935537e-01 -1.006573402382998639e-01 1.408135663832741358e-01 -1.861644866860553971e-01 9.722964600493931853e-01 1.413590381699609821e-01 -2.072201905527755739e-01
