1.000000000000000000e+00 0.000000000000000000e+00 0.000000000000000000e+00 0.000000000000000000e+00 0.000000000000000000e+00 1.000000000000000000e+00 0.000000000000000000e+00 0.000000000000000000e+00 0.000000000000000000e+00 0.000000000000000000e+00 1.000000000000000000e+00 0.000000000000000000e+00
2.123332850606209909e-01 9.747621607155176893e-01 6.894422450488613130e-02 1.172107275373640983e-01 -2.687829038608708365e-01 -9.573918672543868524e-03 9.631532020781374825e-01 4.615926785605695137e-02 9.395053627561062992e-01 -2.230405122807662122e-01 2.599665425281693087e-01 1.339591187113950144e-01
1.094368878319028626e-01 -1.386096794736922377e-01 9.842819333594761133e-01 2.556848365796370315e-01 5.917876712494289926e-01 -7.865205996216890760e-01 -1.765579183381973671e-01 1.336945071864061585e-01 7.986306528920898984e-01 6.018078623007014905e-01 -4.046867209914095653e-03 2.414861190146070924e-01
8.654342883939161180e-01 -3.609000219700487788e-01 -3.475264977151158452e-01 2.918754635253896779e-01 1.360421268915183446e-01 8.368449352849020029e-01 -5.302670025551657895e-01 1.468946192408329132e-01 4.821991623623460010e-01 4.116330021147800444e-01 7.733319076483430310e-01 3.037781414500194122e-01
7.690311178060706965e-01 2.560000690467068019e-02 -6.386985043762246628e-01 3.112564278411122931e-01 -2.412338201446082020e-01 9.369336703205671801e-01 -2.529061909840674693e-01 1.770318592543447256e-01 5.919437336980469810e-01 3.485684108838774109e-01 7.267067352581123574e-01 4.224622841571885612e-01
5.305447768175697298e-01 3.915832644290386244e-01 -7.517877272280341083e-01 2.701271576023686061e-01 -5.085100874598790233e-01 8.566165746732029573e-01 8.732430902500869230e-02 9.132708177756483636e-02 6.781885657714538107e-01 3.359621868815694246e-01 6.535974894708607152e-01 1.079199991172998807e-01
7.894280663926478425e-02 4.546229435370681138e-01 8.871786812641564435e-01 5.155161970949503902e-02 7.963367550614033341e-01 -5.641185582061436499e-01 2.182155467094331058e-01 4.735177381561611609e-02 5.996797527165567132e-01 6.892664444879890162e-01 -4.065660618948609972e-01 1.062447516996169877e-01
7.759848292989239837e-01 9.786160853563100059e-02 -6.231136736364712991e-01 1.620537175618974035e-01 -3.934075017687165277e-01 8.472804339168092946e-01 -3.568562789889520026e-01 3.302004095438881848e-02 4.930294943003077357e-01 5.220526523987426559e-01 6.959762538143241528e-01 -1.612128251136413226e-02
-1.272222851434663404e-01 7.282428165314965840e-01 6.734069277436545153e-01 -4.715340410818230632e-02 6.141978108589974950e-01 -4.752568821969489488e-01 6.299936071583984720e-01 -2.730236136480381631e-02 7.788295958031445920e-01 4.937542871659023613e-01 -3.868218771041807003e-01 3.813943033728658949e-03
9.312585504479488074e-01 -1.402393195970233486e-01 -3.362892288738208446e-01 -4.255676885134378196e-02 -1.544948512950908293e-01 6.839001500988119986e-01 -7.130301014810878080e-01 1.496575687494735782e-02 3.299831103873240856e-01 7.159703331380333768e-01 6.152216096052873784e-01 -4.953705295949034637e-02
9.777937826220470807e-01 1.523475752027695640e-01 -1.439080782843874529e-01 -3.559593594115729176e-01 -1.286168951595730026e-01 9.783936892478912739e-01 1.618748995966088067e-01 -1.920755548484059938e-01 1.654600040649713000e-01 -1.397712601708135105e-01 9.762617384109051333e-01 -2.832191426095955755e-01
9.664042333418693120e-01 1.494063165510988167e-01 2.091425598809258934e-01 -3.479859731249345112e-01 -2.529167539935436859e-01 4.078379750613384536e-01 8.773262230477535395e-01 -1.768407498135694811e-01 4.578180127827104207e-02 -9.007474333421662260e-01 4.319237062250889103e-01 -2.096585213429656980e-01
9.077240371939360175e-01 -1.463169166132369803e-01 3.932282189939284578e-01 -3.117710188828499707e-01 -4.113387880688861298e-01 -4.950535281688319689e-01 7.653250327002326658e-01 -1.373422545134651840e-01 8.268901819686746979e-02 -8.564539474836853072e-01 -5.095578103701792205e-01 -1.320449974136750082e-01
8.565414116967902114e-01 -4.587128082434973053e-01 2.364727671463126013e-01 -2.957857171850031275e-01 -4.559683441903655265e-01 -8.872738211151114385e-01 -6.955598795277143087e-02 -7.936501211104271536e-02 2.417223182595393260e-01 -4.824651196878623066e-02 -9.691452909332429755e-01 -1.204575395088448020e-01
8.606442819595833127e-01 -4.961052020536793061e-01 -1.147651882129390455e-01 -2.747772528320808205e-01 -3.451359326654914184e-01 -4.026167194806147265e-01 -8.478095099595129858e-01 -7.613793019182213406e-02 3.743963246526261779e-01 7.692719972090146241e-01 -5.177335090533152773e-01 -1.872272849195546485e-01
9.162019016119116177e-01 -2.235817640691897812e-01 -3.325436366229643226e-01 -2.717316181804972919e-01 -1.823229777114071526e-01 5.064056781159723686e-01 -8.427998700583358982e-01 -9.197184180890624616e-02 3.568366675121304454e-01 8.328051896737984627e-01 4.232057522898594604e-01 -2.234010277032899006e-01
9.713415239667917422e-01 1.044092526476600863e-01 -2.135283395229485570e-01 -2.886294193120048646e-01 -1.195438244808307154e-01 9.910621110770586606e-01 -5.920444253584493388e-02 -1.422778573468816143e-01 2.054383553438034193e-01 8.303372777998656307e-02 9.751412626920226145e-01 -2.348137599310800294e-01
7.084061809639750074e-01 -3.041387962939480494e-02 7.051494016858586011e-01 -5.013307766542857147e-01 -2.594816786044552015e-01 9.178821013011295715e-01 3.002693900144288164e-01 -2.622860675480330195e-01 -6.563763716349408917e-01 -3.956860422568777014e-01 6.423415094188125174e-01 -2.222552527869358641e-01
-1.260330019447264416e-01 -4.886380732363035939e-01 8.633356912607711431e-01 -4.484330764292449034e-01 -6.027875859827467320e-01 7.289098826505757689e-01 3.245574050293976720e-01 -2.251660569583585625e-01 -7.878850224530818958e-01 -4.795030931685807518e-01 -3.864116652430023002e-01 -1.566557994213321203e-01
-6.274050094768941488e-01 -7.735269182251166553e-01 8.954920917826192373e-02 -3.160320751025618158e-01 -7.773019218637470251e-01 6.290001589625798806e-01 -1.266973922283160664e-02 -1.449869792875508601e-01 -4.652608247234724798e-02 -7.755583025281212461e-02 -9.959018108446100470e-01 -1.648615905466860321e-01
-2.521991877983602581e-01 -5.762476116396449966e-01 -7.773893874715891439e-01 -2.279576162543121010e-01 -5.938430020425743416e-01 7.264597332302662469e-01 -3.458420808983105887e-01 -1.336592078948648510e-01 7.640327601607870278e-01 3.744261557031177690e-01 -5.254131663048369205e-01 -1.893650121237784867e-01
8.337586215059290540e-01 1.019510914532239243e-01 -5.426348090714687711e-01 -3.095072659651227354e-01 -4.438607951827203690e-01 7.082918837571320347e-01 -5.489172996941675819e-01 -1.259805684595040609e-01 3.283811132880455341e-01 6.985188489620517416e-01 6.357965571473582767e-01 -2.968200990187856991e-01
1.265627849622025236e-01 6.233799450473500592e-01 7.716082591414988867e-01 -5.486493295342680376e-01 -3.137401530254302351e-02 7.799898060968422087e-01 -6.250052588169209278e-01 -1.980162397581720080e-01 -9.914623203260967133e-01 5.489395684201781034e-02 1.182756140369586317e-01 -1.411134224935518267e-01
-9.897233516585741686e-01 -1.322841924734623198e-01 -5.430082507073358961e-02 -4.163411390162199410e-01 -1.148438035348299247e-01 9.615846935897441883e-01 -2.493306596541450537e-01 -2.115207096847613322e-01 8.519734720853591736e-02 -2.405322628579411870e-01 -9.668948456544106396e-01 -1.153697412535108213e-01
3.338810980564516084e-01 -2.364384175009791589e-01 -9.124802940832482667e-01 -3.684943749665242074e-01 -4.812389096782717646e-01 7.896108213064533254e-01 -3.806886689769168330e-01 -1.965935426710320733e-01 8.105137408904840024e-01 5.662257726431931815e-01 1.498527618108280723e-01 -2.063050057595276210e-01
7.192783017500159470e-01 5.767392546763635552e-01 3.873119630826882265e-01 -4.804519841995980589e-01 -1.954472508776368966e-01 7.029791987312212775e-01 -6.838279156890162414e-01 -1.891829113763468517e-01 -6.666626558882589038e-01 4.161635234695165719e-01 6.183597860286923487e-01 -2.232211175492238853e-01
-8.171408986417454390e-01 2.318601138626768532e-01 5.277514939500863589e-01 -4.657918441314811142e-01 1.313487678475920573e-02 9.227906966702711378e-01 -3.850776611940049388e-01 -2.157893743451598234e-01 -5.762883191413917805e-01 -3.077307552689236281e-01 -7.570954731622743239e-01 -1.222866869857590633e-01
-3.541337394268990746e-01 -3.908767153026622143e-01 -8.495908945096594111e-01 -3.759081044782927594e-01 -3.878349749780399813e-01 8.880433142048399509e-01 -2.469070762045247891e-01 -2.138906962898520503e-01 8.509837406104213686e-01 2.420629371264536589e-01 -4.660817607313230138e-01 -1.705157955417139215e-01
9.266148120719408521e-01 2.978751411558869244e-01 -2.294676237080998382e-01 -4.310415714797773412e-01 -3.750031997527634720e-01 6.874191779414328130e-01 -6.219545594121114185e-01 -1.863837540017966865e-01 -2.752435692383412014e-02 6.623634003171410267e-01 7.486769234431125408e-01 -2.344229706888279197e-01
3.244981732756202497e-02 6.342086073031487636e-01 7.724807128841524317e-01 -5.439400403963986497e-01 -1.381261088755736388e-02 7.730984941931626775e-01 -6.341355770312318008e-01 -1.996624090732548040e-01 -9.993779170743553042e-01 9.907608130359957244e-03 3.384698162699939505e-02 -1.323810270647331477e-01
-9.809086785453735580e-01 8.781671711575469996e-02 -1.735119262453772293e-01 -3.532963756085337192e-01 1.514010659290000449e-01 9.048196318664049054e-01 -3.979687814699867654e-01 -3.012493658634607385e-01 1.220486853265216054e-01 -4.166409221189812384e-01 -9.008409739936975580e-01 5.191975791360959464e-02
3.367836866547371244e-01 -8.398392379604338043e-01 -4.257309041933432514e-01 -2.162853224080400483e-01 1.305309893501418461e-01 4.894217265326210597e-01 -8.622227290074770956e-01 -8.188553109271184960e-02 9.324904338504051982e-01 2.348114732713588171e-01 2.744543000166272950e-01 -3.525543566965958497e-01
6.495588968622167947e-01 6.010260965573638314e-02 7.579319994694182494e-01 -5.913061088165014745e-01 6.315874864759303264e-01 5.123299233531218855e-01 -5.819066046746683707e-01 -2.178100019922934449e-01 -4.232853487119019320e-01 8.566829786738816566e-01 2.948284036796474661e-01 -2.003960404595339084e-01
-8.189324944824039054e-01 5.469347407309164966e-02 5.712776849962235559e-01 -3.815040730854857287e-01 -9.967377717974749973e-02 9.667641931278618816e-01 -2.354402961019125828e-01 -2.861550111328792223e-01 -5.651678579179377770e-01 -2.497511136704905210e-01 -7.862631071065209198e-01 5.031770184616479735e-03
-4.471652471073710444e-01 -8.560346022870882754e-01 -2.593221962474302478e-01 -2.727235565538741469e-01 5.540313420402597222e-01 -3.747247249304641592e-02 -8.316520220875596170e-01 -7.772841540042052522e-02 7.022054641032586808e-01 -5.155585063719196892e-01 4.910263869600925979e-01 -2.321299853671006386e-01
-5.788411721117991959e-03 -4.651662815680827068e-01 8.852043971772113329e-01 -5.111583229122742544e-01 7.199347234601881640e-01 6.124295113508916311e-01 3.265334402213814213e-01 -2.407955901035793711e-01 -6.940176426043139779e-01 6.391794928802326803e-01 3.313443641218594138e-01 -1.623463345457855367e-01
-9.261169410237406474e-01 -3.772365458786653969e-01 1.537334252468824936e-06 -2.279110256298827464e-01 -2.825200439936615959e-01 6.935849218351726186e-01 -6.626630976180257759e-01 -9.053439463328591397e-02 2.499796717548235514e-01 -6.137039552230628692e-01 -7.489176316878378703e-01 -8.983596050067259309e-02
2.112790076282000662e-02 5.907924742333436896e-02 -9.980296860981887619e-01 -2.127338876935723766e-01 -8.077760151905540864e-01 5.892213593134004723e-01 1.777917353924446386e-02 -1.318086900781963999e-01 5.891107884704087638e-01 8.058088062640922367e-01 6.017180947098521582e-02 -3.472755435668107848e-01
-2.929887653755136601e-01 9.219577417209680048e-01 2.532814755257580819e-01 -4.188179194156631535e-01 -6.416855810154337147e-01 6.773083185466322043e-03 -7.669378986991373104e-01 -7.542046460820309162e-03 -7.087998296279547361e-01 -3.872312588427433977e-01 5.896225518876010430e-01 -1.925727693853062361e-01
-9.160703761013806457e-01 -3.577834093850714159e-01 -1.811245372617131810e-01 -1.308762093602317544e-01 -2.407327352072939353e-01 8.518604205438571331e-01 -4.651683287912642961e-01 -7.646080293030860231e-02 3.207223350954688801e-01 -3.825243206380964378e-01 -8.664942745865509277e-01 -3.401101096153785752e-02
