1.000000000000000000e+00 0.000000000000000000e+00 0.000000000000000000e+00 0.000000000000000000e+00 0.000000000000000000e+00 1.000000000000000000e+00 0.000000000000000000e+00 0.000000000000000000e+00 0.000000000000000000e+00 0.000000000000000000e+00 1.000000000000000000e+00 0.000000000000000000e+00
9.999999913949235708e-01 -9.383698247915234236e-05 9.167755208378870237e-05 9.892336321612098249e-02 9.384102691240388998e-05 9.999999946239724880e-01 -4.411254577184284015e-05 9.108630070232698328e-02 -9.167341220274295515e-05 4.412114850788336558e-05 9.999999948246548476e-01 1.146111345448557889e-01
9.999999638786395417e-01 5.308695376240591925e-05 2.634852841549511311e-04 1.640939995619760394e-01 -5.294257938503912057e-05 9.999998484916360342e-01 -5.479176837913375502e-04 1.680429717662049738e-01 -2.635143315154718242e-04 5.479037144092322679e-04 9.999998151808413560e-01 1.758660593428829355e-01
9.922224434097828283e-01 -1.244761257496248413e-01 5.629496281523141063e-04 1.519354634069989274e-01 1.244766371467404681e-01 9.922220457779373781e-01 -9.892809931469556672e-04 1.427926411548547381e-01 -4.354291664105440171e-04 1.051660880834537088e-03 9.999993522052065265e-01 1.680030464486372277e-01
9.689978861324505255e-01 -2.470673174721700893e-01 9.150453258572091271e-04 1.689125690579030559e-01 2.470684146647962875e-01 9.689970415885359456e-01 -1.389916432555255007e-03 1.530007610623749792e-01 -5.432732891731381674e-04 1.572904883052771282e-03 9.999986154112224801e-01 1.640727041871073988e-01
9.306878600003638535e-01 -3.658119460700522407e-01 1.314290829466032177e-03 1.667860960824243399e-01 3.658138387110937972e-01 9.306864108348348319e-01 -1.743586770697450397e-03 1.436094784571105565e-01 -5.853677451380472335e-04 2.103520813855111991e-03 9.999976162695531912e-01 1.562073100434995254e-01
8.778887887726575245e-01 -4.788613540267968594e-01 1.754470546662060832e-03 1.715500360028857918e-01 4.788642393853421719e-01 8.778865866889276059e-01 -2.044785945222084116e-03 1.582530459677387036e-01 -5.610571932314027807e-04 2.635247860601682215e-03 9.999963703351822941e-01 1.640622874746097137e-01
8.114226666821697798e-01 -5.844555489939502468e-01 2.228731607110000582e-03 1.709788828727535070e-01 5.844596088841176318e-01 8.114195751053439043e-01 -2.288824783031259691e-03 1.288059152457286805e-01 -4.707201085475529916e-04 3.159807912414645294e-03 9.999948970052477959e-01 1.404597021727037875e-01
7.323242613444498339e-01 -6.809506039617010398e-01 2.729690550315504866e-03 1.094982209035132714e-01 6.809560019120934893e-01 7.323201575475695169e-01 -2.471904002951970727e-03 9.538127281916829181e-02 -3.157628901176716581e-04 3.669034436676259225e-03 9.999932192170603029e-01 9.494669513698758556e-02
6.418250041370288095e-01 -7.668442504840984331e-01 3.249548273896115530e-03 1.113282002750873023e-01 7.668511291919339889e-01 6.418197811517281082e-01 -2.591173364261642117e-03 9.127120274073002859e-02 -9.859796560240203719e-05 4.154999618437923634e-03 9.999913630910078899e-01 9.884477200956293119e-02
5.413338188491115810e-01 -8.407992665146717393e-01 3.780211452709108383e-03 1.196888587203034371e-01 8.408077456242235570e-01 5.413273871309376428e-01 -2.644776040223151790e-03 8.874928974067404497e-02 1.773937662177362592e-04 4.610137783389847178e-03 9.999893575239038324e-01 8.311257162036506108e-02
4.324151870679120435e-01 -9.016642947425245191e-01 4.313418538541208443e-03 1.182744201358641306e-01 9.016744689824570669e-01 4.324074758903841964e-01 -2.631877525806760893e-03 9.316464972238272524e-02 5.079155704458594451e-04 5.027363182899794239e-03 9.999872337391115806e-01 9.488420061976569897e-02
3.167647917872968844e-01 -9.484917673218307144e-01 4.840868378753342832e-03 1.222294987260538757e-01 9.485037050304319095e-01 3.167557503430008525e-01 -2.552678629553526563e-03 9.076734651412005084e-02 8.878217691261724824e-04 5.400180307402611263e-03 9.999850248004485964e-01 8.308483741575885262e-02
1.961831184274758222e-01 -9.805526579363408324e-01 5.354349451500820672e-03 1.278114765921085638e-01 9.805663999976070855e-01 1.961727166190512239e-01 -2.408412347318368042e-03 9.307767133139553672e-02 1.311197850941082845e-03 5.722785010743475752e-03 9.999827650974373316e-01 7.128582775764862045e-02
7.254742425421123464e-02 -9.973478315336373745e-01 5.845867705550248684e-03 1.258339653541370728e-01 9.973633907407778443e-01 7.253565316291787912e-02 -2.201324666563426145e-03 1.009383682499212093e-01 1.771452550372444416e-03 5.990154871136043647e-03 9.999804898099170503e-01 1.026763490821031855e-01
-5.221748741265952454e-02 -9.986158150325571414e-01 6.307771014438624986e-03 1.262693467855329765e-01 9.986331758888241650e-01 -5.223061538809203874e-02 -1.934639600047152307e-03 1.043727389935842492e-01 2.261420462806644667e-03 6.198127381964818605e-03 9.999782343603521584e-01 9.090434023424967536e-02
-1.761692332041482345e-01 -9.843368680267021720e-01 6.732868307429158879e-03 1.308433226192950993e-01 9.843559869866507217e-01 -1.761836845405475582e-01 -1.612508993276732475e-03 1.046608094818882867e-01 2.773473598036057565e-03 6.343464755130217084e-03 9.999760338623627787e-01 8.301973592453242012e-02
-2.973780893993316354e-01 -9.547332901099273572e-01 7.114541522591819045e-03 1.222193887046071348e-01 9.547540962573451973e-01 -2.973938099709836358e-01 -1.239947887138855790e-03 1.100834292092107564e-01 3.299640135453274850e-03 6.423904328055417279e-03 9.999739225740641446e-01 8.699798263524929909e-02
-4.139570345327820977e-01 -9.102659600392468686e-01 7.446848639084237623e-03 1.165384150139940483e-01 9.102883561912022969e-01 -4.139739504540784765e-01 -8.227564420057410441e-04 1.149146596425782846e-01 3.831728532116111113e-03 6.438193789601243805e-03 9.999719333647238972e-01 1.027217609196612730e-01
-5.240911271984884934e-01 -8.516271606146779138e-01 7.724616184590780282e-03 1.206537234734263997e-01 8.516510248344981715e-01 -5.241091459742037717e-01 -3.674296388290428962e-04 1.157811739188553679e-01 4.361455051526042306e-03 6.386110676479843026e-03 9.999700972030419743e-01 8.699488793481081894e-02
-6.260657616864444552e-01 -7.797298009807711594e-01 7.943519777731871540e-03 1.428373150126892588e-01 7.797549884763943506e-01 -6.260847736517332063e-01 1.189438369737665958e-04 1.325628383418728518e-01 4.880572727707879754e-03 6.268465836640214547e-03 9.999684426750198307e-01 3.974714371779794475e-02
-7.182933615583559916e-01 -6.956932041407759559e-01 8.100151451531471813e-03 1.367558568592800727e-01 6.957195495189236745e-01 -7.183132415860535858e-01 6.287919546298149399e-04 1.350761441329887402e-01 5.380999756833189027e-03 6.087090805706428520e-03 9.999669955389227649e-01 6.722654526517075901e-02
-7.993380955876423499e-01 -6.008256809483416561e-01 8.192072709827634067e-03 1.204901474038331533e-01 6.008530007894195002e-01 -7.993587050362875868e-01 1.154177222009187664e-03 1.294345059195038117e-01 5.854945317542190747e-03 5.844809292996503217e-03 9.999657783242670295e-01 8.303469501390632612e-02
-8.679382312774066577e-01 -4.966041618708910144e-01 8.217852490625558726e-03 1.188799160749047928e-01 4.966322575845280585e-01 -8.679594201496603212e-01 1.686920259252314017e-03 1.266036625281612427e-01 6.295030861149777425e-03 5.545393221037483479e-03 9.999648099810719559e-01 7.519661146544887043e-02
-9.230257779490680381e-01 -3.846512036244281729e-01 8.177089445366511264e-03 1.125893784360374739e-01 3.846798645412006223e-01 -9.230473872269240321e-01 2.218727138189321296e-03 1.304625042027230952e-01 6.694404983447705369e-03 5.193504002968776963e-03 9.999641055848398352e-01 7.130800147203936179e-02
-9.637431135912462032e-01 -2.667097286484577667e-01 8.070418187261233639e-03 1.164985824565789169e-01 2.667387352996636318e-01 -9.637649777116776839e-01 2.741318505087174742e-03 1.423238450512462339e-01 7.046850089738940573e-03 4.794619972047478064e-03 9.999636761018554365e-01 7.907640965208317940e-02
-9.894563366163529050e-01 -1.446158906856198911e-01 7.899499411411606969e-03 1.080414236095344344e-01 1.446450182200436918e-01 -9.894782860488560150e-01 3.246558476496928802e-03 1.448293046911997561e-01 7.346879192505952755e-03 4.354951093058276497e-03 9.999635282184584639e-01 7.912011781168723501e-02
-9.997651346601217348e-01 -2.027048890409907655e-02 7.666994040533994456e-03 1.070401217178157116e-01 2.029951058857366181e-02 -9.997869985460241526e-01 3.726581301505902787e-03 1.378029991871255744e-01 7.589821334733338337e-03 3.881342283430291255e-03 9.999636642369490458e-01 8.698126021732620339e-02
-9.945090167831764916e-01 1.043906244023485586e-01 7.376521798792498759e-03 9.958204146671684187e-02 -1.043619336530817732e-01 -9.945306255956254393e-01 4.173913818472931372e-03 1.342690267743454624e-01 7.771894308984850404e-03 3.381166849191132896e-03 9.999640820397439622e-01 8.311781427494137342e-02
-9.737698120495796861e-01 2.274266818335699825e-01 7.032604858679153415e-03 9.619594152192352532e-02 -2.273985419526555474e-01 -9.737910002327943015e-01 4.581591799797831571e-03 1.341973507196917437e-01 7.890263540119098543e-03 2.862211694784228769e-03 9.999647751223448289e-01 9.097442108999370669e-02
-9.378703955836151795e-01 3.469222154222699195e-01 6.640597438265895616e-03 8.964128519500691450e-02 -3.468948377667430694e-01 -9.378910041303163414e-01 4.943268373429409585e-03 1.533958788078872426e-01 7.943086214937378903e-03 2.332556093842717403e-03 9.999657326946014280e-01 8.699039243354461659e-02
-8.873696619379920492e-01 4.610168773029296729e-01 6.206602444882661392e-03 8.757520039527628974e-02 -4.609904613632367920e-01 -8.873895408648824201e-01 5.253312833168390615e-03 1.361101720548893723e-01 7.929539971737979351e-03 1.800445908258499136e-03 9.999669398486972227e-01 7.531050463706169540e-02
-8.230538240298237440e-01 5.679344022518854063e-01 5.737376462941761943e-03 8.724646920583846443e-02 -5.679091325461474993e-01 -8.230728347125799704e-01 5.506898299452257783e-03 1.367454555056856758e-01 7.849835703128051762e-03 1.274165213747574174e-03 9.999683777912389271e-01 7.921790409965506763e-02
-7.459241731055541447e-01 6.660102611997080757e-01 5.240224565090966999e-03 8.632704089614988419e-02 -6.659863044010789768e-01 -7.459421904369782919e-01 5.700076865888528514e-03 1.322931520685857176e-01 7.705214272774447287e-03 7.619073304893139026e-04 9.999700241358390196e-01 1.027667117553667936e-01
-6.571814902919401735e-01 7.537175751964234616e-01 4.722886584311723930e-03 7.123136551704963015e-02 -7.536950775382641465e-01 -6.571984046296719395e-01 5.829841061629207483e-03 1.406212630432879807e-01 7.497927197208255519e-03 2.716472666793767927e-04 9.999718532516341796e-01 6.356289326981176546e-02
-5.582073524194688385e-01 8.296908863919858490e-01 4.193416617517874666e-03 8.036150984504625283e-02 -8.296699713912527585e-01 -5.582230712929363570e-01 5.894170672718872586e-03 1.283715537050707234e-01 7.231201593435433207e-03 -1.889824391607783545e-04 9.999738366623163177e-01 9.495348116526922122e-02
-4.505426231556166616e-01 8.927474159571413548e-01 3.660057636584597950e-03 7.250015913063526107e-02 -8.927281824914323760e-01 -4.505570727056495972e-01 5.892064193485419335e-03 1.328298188576081951e-01 6.909189938061219456e-03 -6.128105441878524233e-04 9.999759434894605059e-01 7.533789984834848852e-02
-3.358634643054523305e-01 9.419054779940110311e-01 3.131113158906525130e-03 7.181147272622566413e-02 -9.418879987622037486e-01 -3.358765904341471931e-01 5.823554418327329257e-03 1.243309743000560741e-01 6.536905420095754163e-03 -9.932387456297289870e-04 9.999781409332521021e-01 7.145583075413237950e-02
-2.159552407439571109e-01 9.763997627622488240e-01 2.614817975362226064e-03 6.985199987758508589e-02 -9.763840831526998665e-01 -2.159670099568924417e-01 5.689707931159124210e-03 1.209149983958003327e-01 6.120143893890767593e-03 -1.324344405448976345e-03 9.999803947831246154e-01 8.323382394003890627e-02
-9.268472523712079081e-02 9.956932512862156637e-01 2.119209948236918176e-03 6.830515258945109303e-02 -9.956793886701388319e-01 -9.269512516480982178e-02 5.492608500463460122e-03 1.172090288636144229e-01 5.665393647271098169e-03 -1.600972756023681795e-03 9.999826699503626681e-01 8.324595315693304742e-02
