1.000000000000000000e+00 0.000000000000000000e+00 0.000000000000000000e+00 0.000000000000000000e+00 0.000000000000000000e+00 1.000000000000000000e+00 0.000000000000000000e+00 0.000000000000000000e+00 0.000000000000000000e+00 0.000000000000000000e+00 1.000000000000000000e+00 0.000000000000000000e+00
9.999845433293242936e-01 1.039190967530932057e-03 5.461976251840342314e-03 1.070967885557120303e+00 -1.017315270455027487e-03 9.999914571110780637e-01 -4.006341785656055039e-03 -1.661351158834194642e-03 -5.466092944980424292e-03 4.000723309102599719e-03 9.999770577572871799e-01 1.146583973008504474e-02
9.994040015574536806e-01 1.485423303536947785e-03 -3.448818911683201177e-02 2.210963809962676496e+00 -1.836751023582155508e-03 9.999467248293283372e-01 -1.015745286854892286e-02 1.456276592088736818e-02 3.447126363547513977e-02 1.021474525912086616e-02 9.993534864914740412e-01 -6.744987239736165152e-02
9.999981174683406637e-01 1.634254701997054328e-05 -1.940307371502489851e-03 3.375780336339499588e+00 -1.613967234728263159e-05 9.999999944019345444e-01 1.045736194303643044e-04 5.965434277817101283e-03 1.940309069639814619e-03 -1.045421066419859214e-04 9.999981121340490997e-01 3.991357260453365363e-02
9.999930316966579857e-01 -2.233535338329135141e-03 2.991300389333493084e-03 4.512102893648353152e+00 2.223607605066674122e-03 9.999920228844516590e-01 3.318092325559858936e-03 5.976320253566215143e-03 -2.998687603849624697e-03 -3.311417725791257049e-03 9.999900211428611740e-01 5.437855081571982274e-02
9.999639073719925886e-01 -2.133252948590234552e-03 -8.223939761115245037e-03 5.530482329122886398e+00 2.122274937630676608e-03 9.999968456339741740e-01 -1.343380508576024965e-03 2.160080760827596744e-02 8.226779590230061043e-03 1.325878561199457083e-03 9.999652804690843944e-01 -3.296542907145025292e-02
9.997922654223340144e-01 -2.280140091996410434e-03 -2.025406040373591704e-02 6.679078252587752118e+00 2.169249860024890543e-03 9.999825481546698036e-01 -5.495247140780629320e-03 2.913473318732933207e-02 2.026623686632756521e-02 5.450169470240928161e-03 9.997797633959308872e-01 -8.792155851250413323e-03
9.999932664179544961e-01 -3.602243972321289654e-03 7.006833191982434796e-04 7.887111634024753570e+00 3.600751020078240845e-03 9.999912691534251774e-01 2.120426611155031872e-03 2.997754230592028502e-02 -7.083154956184689512e-04 -2.117889346912119226e-03 9.999975064138274528e-01 5.523169733102989420e-02
9.998721987511861586e-01 -6.607105205173256258e-03 1.455789563351221269e-02 9.061568844177452675e+00 6.597111917864033163e-03 9.999779691666300652e-01 7.343675683763107361e-04 4.386380175672664750e-02 -1.456242695472282148e-02 -6.382336485011197609e-04 9.998937585458758104e-01 1.046639026566087427e-01
9.999017862476168306e-01 -1.396442858921488964e-02 -1.188525557945780678e-03 1.017689690261004110e+01 1.395598336918181526e-02 9.998792168553559678e-01 -6.839753571516735478e-03 7.456659507268262321e-02 1.283895254408675074e-03 6.822494770732561234e-03 9.999759022986899337e-01 -4.181963225792595384e-02
9.995262647666842692e-01 -2.949113780114211505e-02 8.804477994416935738e-03 1.142081722313282555e+01 2.957898393932771944e-02 9.995122253189087091e-01 -1.001973787881305783e-02 1.053984466222584598e-01 -8.504689922455635487e-03 1.027541868914230022e-02 9.999110390530178138e-01 7.502593491959130834e-02
9.982737037009915548e-01 -5.437661495537540052e-02 2.219901450740249804e-02 1.262463757578099433e+01 5.435710257845634968e-02 9.985204601831264570e-01 1.481888981189576418e-03 1.426511863431854932e-01 -2.224675028808020122e-02 -2.726566930062893166e-04 9.997524732452266472e-01 7.609522815518282579e-02
9.965853607026220473e-01 -8.111267751816222948e-02 1.543866506727028208e-02 1.371856427585348648e+01 8.120638482180003725e-02 9.966819013492050905e-01 -5.541713372877365464e-03 2.331824308156167647e-01 -1.493793484382821037e-02 6.776508597207165328e-03 9.998654594663392015e-01 -4.746921732510017700e-02
9.932700383262209609e-01 -1.158140213013137965e-01 1.320391398922857390e-03 1.496606798878864275e+01 1.158215122250690898e-01 9.931962341565737651e-01 -1.210858220843421054e-02 3.533782272893021270e-01 9.093583279339619713e-05 1.218002164279986463e-02 9.999258166501429068e-01 -1.927908339735932841e-03
9.866918651628855397e-01 -1.602722787317019670e-01 2.742188708921700080e-02 1.616882390876277853e+01 1.600903876331535858e-01 9.870638520185600617e-01 8.718934897608344656e-03 5.206072096915577152e-01 -2.846455706405360414e-02 -4.212921602609630278e-03 9.995859244120625098e-01 1.389360191111921328e-02
9.785049845671618396e-01 -2.043215506553164029e-01 2.794099345093721889e-02 1.727584955330207706e+01 2.041470762620385682e-01 9.788989391988053290e-01 8.991000451292772977e-03 7.213271761238861934e-01 -2.918846400343399691e-02 -3.093666636969981225e-03 9.995691385771469095e-01 -6.066995536313091186e-02
9.679368567519975874e-01 -2.511934706386604876e-01 -2.857438840342036747e-04 1.851633384136735572e+01 2.511771187738073285e-01 9.678856385948640950e-01 -1.036559724766808292e-02 1.021879884436251773e+00 2.880337749557313962e-03 9.961471292766052241e-03 9.999462349267244088e-01 -1.148799536743789762e-01
9.502383834214871428e-01 -3.095908261813122286e-01 3.464873759448339890e-02 1.971339661680648092e+01 3.093220011369303690e-01 9.508684652443180063e-01 1.300236196081348133e-02 1.361282253397922082e+00 -3.697180392087624085e-02 -1.637726560710448497e-03 9.993149671482702834e-01 -7.501529167503595552e-02
9.298124639036069450e-01 -3.662586083961456573e-01 3.610282184570224456e-02 2.080932709305466943e+01 3.658300380283605602e-01 9.305061420970268671e-01 1.807492173913591987e-02 1.761287576869314364e+00 -4.021399315750582432e-02 -3.598790828386455934e-03 9.991846092984527639e-01 -9.873173781725708142e-02
9.076142071348971552e-01 -4.185216560929446716e-01 3.280357279490954403e-02 2.181448425367784694e+01 4.182837159813549421e-01 9.082063825912961574e-01 1.413858427359212730e-02 2.186245806524780733e+00 -3.570971788912849498e-02 8.888203706333992066e-04 9.993618093796798885e-01 -1.365445461140936956e-01
8.828554099792017551e-01 -4.689720807424734850e-01 2.512991354005446321e-02 2.275623356470741498e+01 4.688033543317709495e-01 8.832127441179431493e-01 1.259617382115041720e-02 2.642234115553560692e+00 -2.810231374345694561e-02 6.603875586038794251e-04 9.996048338471241745e-01 -1.892349972841136652e-01
8.564214113820285412e-01 -5.155772067905801670e-01 2.687954546560708535e-02 2.367134006253447964e+01 5.154273906276516382e-01 8.568381489280247898e-01 1.276681371237320048e-02 3.151321926605805235e+00 -2.961369813421850516e-02 2.920681362193085044e-03 9.995571511940655185e-01 -2.288563548235917899e-01
8.287164302350407130e-01 -5.588663842585174235e-01 2.995734975430972002e-02 2.455009316262941965e+01 5.584914870259219954e-01 8.292576867229070059e-01 2.046821757133560071e-02 3.711506694805862150e+00 -3.628136130391690362e-02 -2.314233873513052431e-04 9.993415878793149298e-01 -2.316350715541760086e-01
8.027892742290383410e-01 -5.958792455133101740e-01 2.138471298152838998e-02 2.542103412660705075e+01 5.958116979005694258e-01 8.030606740203314331e-01 1.009824177031293409e-02 4.322804054097026061e+00 -2.319055470778258118e-02 4.634501968861897900e-03 9.997203206716596124e-01 -3.108516521685757428e-01
7.778140748004245264e-01 -6.279573844614351197e-01 2.597668844777956815e-02 2.627540357183182351e+01 6.277914703501946692e-01 7.782344905683772351e-01 1.513100939524758895e-02 4.996715976158870198e+00 -2.971758398491226166e-02 4.538831361899415932e-03 9.995480299675287839e-01 -3.217445311087155368e-01
7.553972554808223716e-01 -6.548740683297215037e-01 2.269231238372273335e-02 2.713041272810819748e+01 6.547555774025325404e-01 7.557229086505692361e-01 1.334238363260063440e-02 5.712471726299970243e+00 -2.588668136933134495e-02 4.779118119764249467e-03 9.996534598337966093e-01 -3.650335835396698037e-01
7.370621484544989110e-01 -6.754861242596308379e-01 2.139825339463435547e-02 2.798162055922917446e+01 6.753073646795302309e-01 7.373673396084102771e-01 1.579144351867330445e-02 6.459826641407256709e+00 -2.644527415676166740e-02 2.811122821604116438e-03 9.996463099833138299e-01 -3.923905103788348225e-01
7.231646279510994813e-01 -6.903425242687749597e-01 2.145040947310170379e-02 2.881847633786311036e+01 6.901911175204130666e-01 7.234718289399616475e-01 1.499113158471724640e-02 7.236538590788060610e+00 -2.586778259285503132e-02 3.963825990482490111e-03 9.996575143053975099e-01 -4.252512570694969019e-01
7.135807993408336269e-01 -7.002247696969082780e-01 2.208426396800914487e-02 2.963592466024093497e+01 7.000247612373430295e-01 7.139148778115155247e-01 1.705523069236577691e-02 8.029382679248918464e+00 -2.770877959596797224e-02 3.289246460907370440e-03 9.996106263896065158e-01 -4.617426454282986814e-01
7.084839235116011658e-01 -7.053161444911286715e-01 2.407626311903338437e-02 3.042035211452013854e+01 7.049504474254644215e-01 7.088923593829434822e-01 2.272640497573922419e-02 8.818283856213176009e+00 -3.309677930320851363e-02 8.712798935704858111e-04 9.994517717584484595e-01 -4.805939336688621610e-01
7.057126283061561089e-01 -7.079648589198951347e-01 2.748535580541612566e-02 3.112568611164767418e+01 7.074987783158167565e-01 7.062464708090880894e-01 2.571772057035018322e-02 9.515853483540407609e+00 -3.761867795183647389e-02 1.296535476162324549e-03 9.992913259229838641e-01 -4.799784993417839374e-01
7.055798013472160957e-01 -7.081774119645020127e-01 2.533568854566770057e-02 3.175986602723018137e+01 7.079490591098086538e-01 7.060181875854902867e-01 1.861312719658296533e-02 1.015987453421126219e+01 -3.106885315488498722e-02 4.803330277989127997e-03 9.995057050271802801e-01 -5.110468559552369117e-01
7.065078822732971942e-01 -7.074600252556009217e-01 1.862592148177772550e-02 3.238919425051045664e+01 7.073414525615409065e-01 7.067438584599716744e-01 1.346060983911881795e-02 1.078698650373298484e+01 -2.268659899214284931e-02 3.664859404674918920e-03 9.997359086437346276e-01 -5.692501371793475817e-01
7.081069098010308593e-01 -7.058419660262583717e-01 1.928012676880524329e-02 3.304538528721582225e+01 7.057980054072113818e-01 7.083402959018584299e-01 1.015877772518544372e-02 1.144250911075404531e+01 -2.082738234240950198e-02 6.414374315084313272e-03 9.997625097726504650e-01 -5.973742574831764074e-01
7.108019585321786460e-01 -7.031658533440564574e-01 1.784260176498713227e-02 3.374152988728903324e+01 7.030987445894313348e-01 7.110094425548572072e-01 1.085025136099770048e-02 1.212876514793660832e+01 -2.031578459190526778e-02 4.832730983208020567e-03 9.997819330272272875e-01 -6.284505563508977488e-01
7.163327150100540219e-01 -6.974327973499504507e-01 2.132919564699245485e-02 3.445586020905989244e+01 6.973391523490620747e-01 7.166273680906747323e-01 1.277974587087185934e-02 1.283916391004824220e+01 -2.419809925213892154e-02 5.719133155940858693e-03 9.996908239593520484e-01 -6.593541534632970658e-01
7.217517859605728781e-01 -6.917157327884497775e-01 2.457039836188013027e-02 3.517726678706920751e+01 6.916175896336158591e-01 7.221346594258444274e-01 1.366174825222182983e-02 1.353448271517514989e+01 -2.719318245647057986e-02 7.132928490996439871e-03 9.996047479674310399e-01 -6.668149634390873048e-01
7.261283801304603269e-01 -6.870840037081268337e-01 2.555674896234532562e-02 3.590189543291310059e+01 6.869521348007919803e-01 7.265475250308573996e-01 1.501527103218720620e-02 1.424731894992641124e+01 -2.888494524398477203e-02 6.653248826429125282e-03 9.995606005732247112e-01 -6.897614471482068632e-01
7.294111420162381343e-01 -6.838675945582533000e-01 1.686709861463043039e-02 3.658936658015719701e+01 6.835309337001895802e-01 7.295925365391435768e-01 2.191331333517632790e-02 1.486743682002316902e+01 -2.729191414163241805e-02 -4.454631240299114503e-03 9.996175807192462237e-01 -6.658572216286697820e-01
7.311472103588756433e-01 -6.820551805520853605e-01 1.498290580950451673e-02 3.725440596806165416e+01 6.820278971662359080e-01 7.312861020009751023e-01 7.654051686655594620e-03 1.551888935049775498e+01 -1.617727639117719565e-02 4.622521204055257162e-03 9.998584539955051032e-01 -7.457176213516334418e-01
