1.000000000000000000e+00 0.000000000000000000e+00 0.000000000000000000e+00 0.000000000000000000e+00 0.000000000000000000e+00 1.000000000000000000e+00 0.000000000000000000e+00 0.000000000000000000e+00 0.000000000000000000e+00 0.000000000000000000e+00 1.000000000000000000e+00 0.000000000000000000e+00
2.778948091603673509e-01 9.364729101725255411e-01 -2.139929053840903261e-01 7.938897248285745056e-02 -2.141587065308802607e-01 2.775578675261947126e-01 9.365349318585676208e-01 6.707536345869978545e-02 9.364350075999634537e-01 -2.144297523370126135e-01 2.776857177709075586e-01 1.195450735697254074e-01
9.769647796512657134e-01 -1.671134517610158854e-01 1.327136525059594008e-01 3.891675930341514933e-01 1.793191634511126509e-01 9.800249610294923253e-01 -8.599833357882699647e-02 -1.099495489955149563e-01 -1.156912137551813907e-01 1.078154441611250403e-01 9.874165144761314350e-01 2.499018932916760305e-01
9.997033318680146330e-01 1.596026447818320662e-02 -1.839886436105898221e-02 1.655579132381792551e-01 -1.542291479879742341e-02 9.994608114883886119e-01 2.898654857137614865e-02 1.443791145669800491e-01 1.885157688627767114e-02 -2.869418506872353086e-02 9.994104571156651184e-01 1.634525503152230996e-01
-1.969537327597543630e-01 2.433391140396223840e-01 9.497343327112119926e-01 1.951188915481232300e-01 9.524269841674604109e-01 -1.823118555688745257e-01 2.442237235583596400e-01 2.164166080466212172e-01 2.325770130121967427e-01 9.526533802477402668e-01 -1.958557380340923970e-01 2.456579041603736413e-01
-1.931120746656678211e-01 2.385443594202403261e-01 9.517375243243847427e-01 1.485611391109304957e-01 9.535487165203879734e-01 -1.829360490843712217e-01 2.393308320457716021e-01 1.700570117400146963e-01 2.311981224851152872e-01 9.537457682916279378e-01 -1.921365077885250905e-01 1.826246378552862648e-01
5.071456544408696754e-01 8.030392464466162838e-01 -3.129396968238333798e-01 2.182671761533410137e-01 -3.017145548726654636e-01 5.055433618388137651e-01 8.083280501619992675e-01 1.767331478047930449e-01 8.073237346688943994e-01 -3.155215966731294008e-01 4.986727478749040099e-01 2.391004802470442780e-01
8.904555742422410880e-01 3.704081961136799217e-01 -2.643608113029051188e-01 1.346569254275965799e-01 -2.566178980293242207e-01 8.884653526669769041e-01 3.804951662260057654e-01 8.852401117200403569e-02 3.758139495973132904e-01 -2.709743260202966963e-01 8.861922985029344613e-01 1.246331121830049349e-01
5.254989413556161448e-01 -3.170613569220754879e-01 7.895080484585694780e-01 8.353431390122352529e-03 7.880894926838808434e-01 5.310504077442180781e-01 -3.112883164462858510e-01 2.622524542751351190e-02 -3.205710750448174107e-01 7.857846781284500981e-01 5.289391510024362697e-01 4.833731363114111140e-02
8.692872067772884348e-01 4.103448022495920222e-01 -2.756027855448545116e-01 -5.851878997354918732e-02 -2.794165200430845930e-01 8.678451191669116493e-01 4.108177910767516483e-01 -3.209094741898253778e-02 4.077574775039108923e-01 -2.801106788484013510e-01 8.690637762182562565e-01 -1.702485802340888976e-02
9.241981400630713273e-01 3.061062207629580700e-01 -2.283785881254606909e-01 -6.237906484753356906e-02 -2.310466413958575660e-01 9.242775195186818671e-01 3.038560784517675972e-01 -3.207761357267663316e-02 3.040974307745029637e-01 -2.280571167988666992e-01 9.249403786589351917e-01 -5.535569391668260231e-02
7.897129207347932667e-01 -3.143567700966742873e-01 5.268143163572046594e-01 -1.007992599448060411e-01 5.236378170122579778e-01 7.928033429983457614e-01 -3.118754493788897242e-01 -7.486566812476952437e-02 -3.196199922081833789e-01 5.221519706225707935e-01 7.906961364239785128e-01 -4.880849594353008081e-02
9.007316248828077798e-01 3.543441037600055799e-01 -2.512425044981349553e-01 -1.544432954933882274e-01 -2.561551625879476823e-01 9.004274901569728762e-01 3.515890607643484822e-01 -1.104716171444188599e-01 3.508091683743727596e-01 -2.523303214045689025e-01 9.018105878089632821e-01 -1.342871347956913486e-01
-2.859499033719115069e-01 8.554892208404046849e-01 4.317068980077482521e-01 -2.930293218467721061e-01 4.307507359585253104e-01 -2.876779913319134074e-01 8.553918264599124077e-01 -2.435686316465871526e-01 8.559710603944410412e-01 4.305572741565441008e-01 -2.862411176580037520e-01 -2.208332037897161593e-01
-6.448274050075797348e-02 6.990961860290162422e-02 9.954670368245794876e-01 -2.786045825905990592e-01 9.953664272750755160e-01 -6.679510967281654388e-02 6.916710762673333734e-02 -2.022664325158556597e-01 7.132777601442247262e-02 9.953145525664703896e-01 -6.527855557718131863e-02 -2.219798333740886087e-01
-3.253021352340983441e-01 7.536104984697333808e-01 5.711827530732493940e-01 -2.526097776677617146e-01 5.675494604528315001e-01 -3.275397436771190218e-01 7.553842242538741925e-01 -1.892703854356997950e-01 7.563505343105381140e-01 5.699025643986237455e-01 -3.211618538058909067e-01 -1.987222453758514251e-01
-1.457482847943314397e-01 1.713683515306785310e-01 9.743666279040804623e-01 -2.353674139332495585e-01 9.731067241374711241e-01 -1.527509977364136518e-01 1.724251609509776517e-01 -1.380348335613913735e-01 1.783836901679937137e-01 9.732933888526051902e-01 -1.444964992581523333e-01 -1.899676471158335822e-01
6.480556687062062338e-01 -3.292068243885317158e-01 6.867654017448536763e-01 -2.193292173648958565e-01 6.842729585027260697e-01 6.475774171575616744e-01 -3.352819813969545315e-01 -1.307103409027462193e-01 -3.343566486847213692e-01 6.872163819086094527e-01 6.449335437987095965e-01 -1.743480717202499641e-01
9.546058355183505428e-01 -1.850063444986110306e-01 2.334531029769642274e-01 -1.798942215591726734e-01 2.299419713978727575e-01 9.558972532877534345e-01 -1.827214572692229255e-01 -1.560049061094573031e-01 -1.893525510363450459e-01 2.281076361110908890e-01 9.550458197195768051e-01 -1.335544580600598330e-01
-1.686683851753434382e-01 2.057867625186581284e-01 9.639516503510076051e-01 -1.667024757316086792e-01 9.652987378723859591e-01 -1.633265081357948567e-01 2.037714366689966083e-01 -1.457950737646415695e-01 1.993723213094552582e-01 9.648711106216505407e-01 -1.710976837465127964e-01 -9.303133023167618754e-02
2.084532941825520957e-01 -1.698614283248179313e-01 9.631688944893803672e-01 -2.358426610967630233e-01 9.631324950446917832e-01 2.068969233762298909e-01 -1.719577276147759570e-01 -1.607294606423782524e-01 -1.700676957374016030e-01 9.635044152804403961e-01 2.067274065083470891e-01 -1.706548261258943322e-01
-8.903316959440865652e-02 9.912254507644315815e-01 9.769954180456807968e-02 -2.594825697161358691e-01 9.498720197141757859e-02 -8.919223862259784141e-02 9.914747480552040804e-01 -2.247435086763144296e-01 9.914890449085225210e-01 9.755434550207808808e-02 -8.621266438317976011e-02 -2.015478816363259207e-01
-3.326111858432012625e-02 9.989933960690084991e-01 3.009804978779817564e-02 -2.590973050341365269e-01 2.457269422242641665e-02 -2.928821217185295644e-02 9.992689244274675087e-01 -2.335266246305734428e-01 9.991445744681651808e-01 3.397639236713506650e-02 -2.357380055365632110e-02 -2.476720896462965005e-01
5.282493529601283155e-01 -2.969440379852973377e-01 7.954727270008647988e-01 -3.712620498177804373e-01 7.897085931085346955e-01 5.160144889988107497e-01 -3.317972048011185171e-01 -1.596740635119123786e-01 -3.119502509499629817e-01 8.034633068462323502e-01 5.070835784010092606e-01 -2.690181374628832223e-01
-5.289452400077543359e-02 9.968549016092049797e-01 5.901249417228149330e-02 -2.432387367064740846e-01 5.670699050012500964e-02 -5.600141730169028165e-02 9.968190199271984575e-01 -1.968793083889436857e-01 9.969887093438670744e-01 5.607268852038521656e-02 -5.356647312401441319e-02 -1.513059561133136277e-01
-3.209558919752266704e-01 7.606271144086479419e-01 5.642993073119623171e-01 -2.099420020862836356e-01 5.629214965259717873e-01 -3.259492227004920917e-01 7.595238593815901718e-01 -1.311745813072154321e-01 7.616473620746987416e-01 5.614298683249038247e-01 -3.235580300306795110e-01 -1.287775756499654478e-01
-3.308679053974783457e-01 6.576771922453789054e-01 6.767474713496316463e-01 -1.876159426760369564e-01 6.759317821992055775e-01 -3.352657930848028656e-01 6.562873408806725317e-01 -1.066848556340591614e-01 6.585154933567557434e-01 6.745795422242312211e-01 -3.336162259567956312e-01 -1.064320981193735277e-01
-2.026207139131992463e-01 2.641046842534687800e-01 9.429706050819832708e-01 -1.713902876234001948e-01 9.448296148442049125e-01 -2.003621319503952058e-01 2.591370583178801423e-01 -1.050012290889456579e-01 2.573749117661965902e-01 9.434530893667519846e-01 -2.089364088847958101e-01 -5.312637763546609881e-02
-2.163242902425084324e-01 2.874447595362337182e-01 9.330483972797082304e-01 -1.169018675802863255e-01 9.345582123141251696e-01 -2.155590067020156653e-01 2.830817239347450109e-01 -4.817242648977412833e-02 2.824973437880465843e-01 9.332254951750931227e-01 -2.220032114810528423e-01 -1.025554260919990524e-02
-8.076347138195760778e-02 9.534185867573791162e-02 9.921628856566805377e-01 -1.474518392602580663e-01 9.929527605906038890e-01 -7.891908952363779761e-02 8.841149554361488194e-02 -6.535382052040925038e-02 8.672990790860046761e-02 9.923112955585136064e-01 -8.829618214368073481e-02 -1.821464170454554360e-02
-3.319479331920223153e-01 6.850579809820812605e-01 6.484644418488181294e-01 -2.016253388968861637e-01 6.510791697055661187e-01 -3.310444630854085801e-01 6.830120630237832557e-01 -1.700242017393282234e-01 6.825734278632999974e-01 6.489261330484759061e-01 -3.361374561421208718e-01 -1.145342995451791579e-01
1.980045825707517082e-01 9.664047210877384497e-01 -1.638783095480092489e-01 -2.506675388848598196e-01 -1.630081296139181402e-01 1.973252069951607623e-01 9.666908049444191686e-01 -2.441229733358283582e-01 9.665518790839706664e-01 -1.646957125842919978e-01 1.966031212763363900e-01 -1.918810026130920998e-01
9.498264801657353429e-01 2.527626769309712640e-01 -1.842299832455603081e-01 -3.209898960995262174e-01 -2.047614547240093341e-01 9.477497635729112968e-01 2.446285598755757185e-01 -2.572891709281204808e-01 2.364368927119400998e-01 -1.946314846014901290e-01 9.519538754406866587e-01 -2.416653049784313334e-01
4.177836358129554117e-01 -2.619992095126014719e-01 8.699501410205530139e-01 -3.949680724059436709e-01 8.668204120257406720e-01 4.017895405653970631e-01 -2.952753602787955844e-01 -1.816142774091535073e-01 -2.721749564938574228e-01 8.774517532645422779e-01 3.949673578291601483e-01 -3.002718245227309346e-01
5.251692870943945879e-01 -2.956116733962778631e-01 7.980043599157951029e-01 -3.953829616843023698e-01 7.924798198888494127e-01 5.116074495138640543e-01 -3.320143862408014845e-01 -1.701565192662178594e-01 -3.101176469691822035e-01 8.067661099437505312e-01 5.029468052235009923e-01 -2.930380809188335434e-01
6.742325731572831327e-01 6.636176818212692341e-01 -3.240709947956980086e-01 -3.161996512378699720e-01 -3.402961388248587626e-01 6.686166937201328819e-01 6.611733923712072025e-01 -2.866852305148919755e-01 6.554456309981789852e-01 -3.355045294074620044e-01 6.766296886425220425e-01 -2.590363462440739006e-01
9.787113337534089075e-01 1.622536521983252988e-01 -1.256896078875593126e-01 -3.152751021437694146e-01 -1.421994272826231087e-01 9.776588526423447556e-01 1.547982258636965425e-01 -2.752466579099804300e-01 1.479981353366234542e-01 -1.336297878407314565e-01 9.799181760425323962e-01 -2.609538511369736691e-01
-3.154081776867179165e-01 7.834308433813880201e-01 5.354939729698844353e-01 -2.972867573716646561e-01 5.363266268615772825e-01 -3.183622126573724120e-01 7.816644106464005759e-01 -2.369609104987258907e-01 7.828610545733045711e-01 5.337430235521860578e-01 -3.197607762714875790e-01 -1.920709757297575648e-01
-3.338825496148012384e-01 7.136194598927392274e-01 6.158487716356307873e-01 -2.275084873712403810e-01 6.169823865894576986e-01 -3.284923802769390555e-01 7.151401895701067213e-01 -2.253853888982164100e-01 7.126395847138279338e-01 6.187406747276168462e-01 -3.306127640254030720e-01 -1.673216273704354329e-01
9.835535593805726506e-01 -1.180313995636327745e-01 1.367149755764030805e-01 -2.046637971335445449e-01 1.345586196227394615e-01 9.837687311369179843e-01 -1.187142010143742710e-01 -1.696744865800404733e-01 -1.204839147564077673e-01 1.351579533520259335e-01 9.834713793144477245e-01 -1.621668256325722313e-01
