1.000000000000000000e+00 0.000000000000000000e+00 0.000000000000000000e+00 0.000000000000000000e+00 0.000000000000000000e+00 1.000000000000000000e+00 0.000000000000000000e+00 0.000000000000000000e+00 0.000000000000000000e+00 0.000000000000000000e+00 1.000000000000000000e+00 0.000000000000000000e+00
2.778956210633776180e-01 9.364735474498333545e-01 -2.139890621516077895e-01 7.845002472501744206e-02 -2.141617327251726377e-01 2.775549577704262694e-01 9.365351022002372794e-01 6.620203486703890583e-02 9.364340745775707742e-01 -2.144307355389658554e-01 2.776881049419774872e-01 1.186356979159062242e-01
9.770498556038139659e-01 -1.668083752533090214e-01 1.324709236395574807e-01 3.895372864472874674e-01 1.789689995331042172e-01 9.801021284769763087e-01 -8.584820883990748608e-02 -1.124828950607972833e-01 -1.155148339854495526e-01 1.075861687218755136e-01 9.874621711382477462e-01 2.496995252546133637e-01
-2.928832077373388909e-01 8.617651333100695421e-01 4.142225025714630915e-01 1.961404192507493482e-01 4.247785004485886140e-01 -2.708485318802145159e-01 8.638311746718694284e-01 7.996893329654686244e-02 8.566111440917262287e-01 4.289544588757778776e-01 -2.867323142383040313e-01 1.961037305265854458e-01
-3.443108859512675757e-01 6.701530188192024173e-01 6.575294253362076180e-01 2.512756088902627916e-01 6.644561741843433289e-01 -3.208493222324539929e-01 6.749471868311481826e-01 1.468006817457724877e-01 6.632857652654393643e-01 6.692911502406743152e-01 -3.348153966079758792e-01 2.640071285474036022e-01
-3.201010804617889782e-01 7.832755777559813337e-01 5.329302652113402372e-01 1.595105719085729568e-01 5.324890804236873665e-01 -3.165129632371974644e-01 7.850317976568494949e-01 1.522620301416308664e-01 7.835755723073120071e-01 5.350690734791561098e-01 -3.157695506052258239e-01 1.880000918857471781e-01
6.481206421353649105e-01 6.870039894262964797e-01 -3.285805103021105511e-01 1.038439826113801007e-01 -3.380336599441912671e-01 6.461663122569332174e-01 6.842531268828886404e-01 1.070437821648503873e-01 6.824022845673783921e-01 -3.324073034947167549e-01 6.510241981682356460e-01 1.332170011772434715e-01
9.448613323985439738e-01 -2.057795765345473427e-01 2.547387454222672654e-01 7.722266056507062770e-02 2.600312620624692928e-01 9.443039926841416687e-01 -2.016772474796992565e-01 5.084180902701369853e-02 -1.990497558105704667e-01 2.567970702365017233e-01 9.457454517097618751e-01 4.039401435266055246e-02
3.773957119741487842e-01 8.845031617530176860e-01 -2.742747407845654850e-01 4.381608891650157211e-02 -2.590912515604617550e-01 3.851988171133771122e-01 8.857164301622098002e-01 -3.019936136852273065e-02 8.890692886093630731e-01 -2.632033969069743073e-01 3.745394130238777208e-01 4.012427849495103088e-02
7.085725997851195501e-01 6.215842753738044513e-01 -3.340027835838788040e-01 -1.218514755857677545e-02 -3.282994261656762003e-01 7.093814728380765100e-01 6.236965710771297244e-01 -6.067052003367767038e-02 6.246153677368533330e-01 -3.322813786568605821e-01 7.067140353671006459e-01 -5.258598659365315564e-03
8.487333997622946713e-01 -2.878132658375922581e-01 4.436385241791298562e-01 -1.039135913813179629e-01 4.405133951617293819e-01 8.489287060822499065e-01 -2.920068503864304277e-01 -3.174824296689592040e-02 -2.925740330429599245e-01 4.432646793930422047e-01 8.472997457756968886e-01 -5.526776241014191848e-02
9.975014742376816512e-01 -4.752214094511884174e-02 5.227288985357546325e-02 -1.017586933099437485e-01 4.977409325672785961e-02 9.978491478144611015e-01 -4.265697887127279514e-02 -1.019449387723193740e-01 -5.013330763197589024e-02 4.515223500499077752e-02 9.977213674869009896e-01 -6.183617019302101170e-02
3.819897753039620536e-01 -2.628954324566010747e-01 8.859852161050347785e-01 -1.927876231769056203e-01 8.835343645676647650e-01 3.850272848692717353e-01 -2.666852386882512804e-01 -1.234626833946263769e-01 -2.710181510364967905e-01 8.846694193311157584e-01 3.793536348963921778e-01 -1.099692137707734552e-01
4.669119112307826835e-01 8.333340244929461349e-01 -2.958845564966306463e-01 -3.088920659995626483e-01 -3.004640671754215675e-01 4.641906941207604165e-01 8.332156646559703006e-01 -2.639475141824725313e-01 8.316938207581090481e-01 -3.001356411925725776e-01 4.671230944822808429e-01 -2.605051959545529039e-01
-2.591732045695058773e-01 8.902446899866371943e-01 3.745579287423632664e-01 -3.300285584274300632e-01 3.721141279208712849e-01 -2.658309229008728458e-01 8.893059070035235214e-01 -2.359828171431428701e-01 8.912689413610588307e-01 3.698625587705065554e-01 -2.623763742886755512e-01 -2.416577862374112984e-01
3.253885260608306851e-01 9.164545202847509398e-01 -2.328806976922037086e-01 -3.057865103015462438e-01 -2.430436982329736151e-01 3.190678568797513659e-01 9.160379159485714240e-01 -2.121217673054132946e-01 9.138118339446035243e-01 -2.414680412721525449e-01 3.265595155358218538e-01 -2.293550523078825010e-01
-2.417813704025444377e-01 9.071969874560961156e-01 3.442896961526027977e-01 -3.447797907216157975e-01 3.393469216186666970e-01 -2.533563935273188683e-01 9.058996658829083781e-01 -2.197103800642571658e-01 9.090574435722982294e-01 3.358633111987885944e-01 -2.465976489676728889e-01 -2.354141698620866308e-01
8.200587954547180480e-01 -2.815914761673258826e-01 4.982065962502535972e-01 -3.369086204529762041e-01 4.763258094177336699e-01 8.183916155429997730e-01 -3.214792168888365165e-01 -2.073412779183709531e-01 -3.172022939385806262e-01 5.009405195817414613e-01 8.052585302629691189e-01 -2.831462635213802814e-01
7.703811995678091495e-01 -3.213916663129873230e-01 5.506543418307213722e-01 -3.199257476727215277e-01 5.488619855012968340e-01 7.737787999130061323e-01 -3.162544698130956289e-01 -3.047239602944452619e-01 -3.244431047565007886e-01 5.458697332054136542e-01 7.725043081732378969e-01 -2.840868768304887215e-01
-2.587402504889859678e-01 8.976142861823481756e-01 3.568502151018702606e-01 -2.950061737737175727e-01 3.585033698652081990e-01 -2.538082412868760684e-01 8.983633510168107517e-01 -3.155622838398087771e-01 8.969553035531856455e-01 3.603747631233589765e-01 -2.561273385087903254e-01 -2.818683556225490272e-01
1.339031764550304704e-01 9.843208219137645765e-01 -1.148148896365985827e-01 -3.269126559535456833e-01 -1.125364086841523781e-01 1.302123223102238381e-01 9.850788333118585260e-01 -2.990495036770381976e-01 9.845839202707542537e-01 -1.189843294959034847e-01 1.282077738621331120e-01 -2.402075933020321741e-01
7.679873695622447816e-01 5.565769582568291796e-01 -3.168871877031953499e-01 -3.080127845200419934e-01 -3.268899252431077262e-01 7.661140676716540199e-01 5.533644478010382173e-01 -2.314563531647381711e-01 5.507616335288976206e-01 -3.213896775771872827e-01 7.703053278923961411e-01 -2.631409880941335544e-01
8.202468247991806516e-01 4.879525909597808853e-01 -2.984919017033780819e-01 -3.256852697878387937e-01 -3.115702312957324138e-01 8.187533258232380096e-01 4.822519905855346400e-01 -2.254459279832255469e-01 4.797073455526673080e-01 -3.025644731772446083e-01 8.236113174269706905e-01 -2.794201118827578934e-01
9.417791601295716353e-01 2.771107887218590693e-01 -1.904248521585031884e-01 -3.068952727810219661e-01 -2.216500448000305601e-01 9.375402642211748683e-01 2.681221934197801637e-01 -2.855550716239590447e-01 2.528305186993513587e-01 -2.103042171190077358e-01 9.443775013606466873e-01 -2.744709955730955664e-01
1.163924424797182500e-01 9.894615982801961973e-01 -8.613097504617761579e-02 -2.450519158401563424e-01 -9.780115804314348793e-02 9.771696038782140548e-02 9.903970563051897047e-01 -3.154363891877591808e-01 9.883763113404862022e-01 -1.068510233051828129e-01 1.081440058422551420e-01 -2.454292109810076450e-01
5.975395088917260233e-01 7.390989610211826655e-01 -3.109328884676614280e-01 -2.501184170431163811e-01 -3.359613169626738949e-01 5.828682729953176267e-01 7.398611828175347682e-01 -2.727681759531787042e-01 7.280635472389347385e-01 -3.376348651322374494e-01 5.965954819046110913e-01 -2.250071682113292948e-01
1.836690951168999941e-01 -1.376248470808871249e-01 9.733062544568906738e-01 -2.966655072680431937e-01 9.715959067099377844e-01 1.757256613542412804e-01 -1.584988517501259575e-01 -2.955712071469364099e-01 -1.492215050300493284e-01 9.747717134835094388e-01 1.659911112951233392e-01 -3.002809964617881855e-01
8.020341977601070926e-01 5.166950078477308139e-01 -2.996121067122203829e-01 -2.405597928429140386e-01 -3.207459368523776222e-01 7.957547387280239359e-01 5.137085163636913032e-01 -3.113437709549275456e-01 5.038483795905193130e-01 -3.159124319445623108e-01 8.039503378486012597e-01 -2.901639191576990129e-01
-2.655048306264846669e-01 8.714487646109657648e-01 4.124127005464589546e-01 -2.428401486820190303e-01 4.099263831035792061e-01 -2.851336399907840047e-01 8.664058908971149497e-01 -3.040982289740048472e-01 8.726210777591950629e-01 3.990937959974164562e-01 -2.815254813453895721e-01 -2.377396081954976925e-01
5.891243143884098421e-01 -3.141403878682738071e-01 7.444785818990071746e-01 -2.289398111116875412e-01 7.367881931139914631e-01 5.871300036038804571e-01 -3.352931811950954910e-01 -6.564211732414007572e-02 -3.317765824831613308e-01 7.460523946601056444e-01 5.773474895915945426e-01 -1.029644111866212242e-01
-3.344126986252318190e-01 6.510966183594416590e-01 6.813525816778640554e-01 -1.996282275279188945e-01 6.833428066902137443e-01 -3.303600978672696087e-01 6.510797295891418424e-01 -2.003952815934418041e-01 6.490075157830854646e-01 6.833267149014653485e-01 -3.344455787703590754e-01 -1.499817982960127138e-01
9.858401164107226666e-01 1.269670149348771371e-01 -1.095383129038396131e-01 -2.303598488814825318e-01 -1.131823515768396460e-01 9.858037293433384862e-01 1.240192021595953459e-01 -2.052413038418624269e-01 1.237296252593915180e-01 -1.098653008519641788e-01 9.862152886169823773e-01 -2.250014076948793629e-01
-1.908138336620868181e-01 2.317527104403507843e-01 9.538767017213121147e-01 -2.683483199311222367e-01 9.550157622358776965e-01 -1.808966494491468513e-01 2.349921192276429038e-01 -2.805118720382118735e-01 2.270131598921166227e-01 9.558070325236280862e-01 -1.868099082334042649e-01 -2.240515757878891179e-01
-1.393060609566421082e-01 1.568011907672593463e-01 9.777562109006079361e-01 -2.778548788720036078e-01 9.782690184300348868e-01 -1.313333982673965394e-01 1.604408491609098375e-01 -2.977555648298815250e-01 1.535693620507707635e-01 9.788589914147528548e-01 -1.350982085958665202e-01 -2.522104485353672820e-01
9.995593314658974826e-01 2.877985440241634385e-02 -7.270684976238540875e-03 -2.179186028317552370e-01 -2.863377026881686743e-02 9.994006228598656394e-01 1.945513370566073416e-02 -2.702797675653091369e-01 7.826243009299124059e-03 -1.923837331710334317e-02 9.997842941917377546e-01 -2.316583926365403945e-01
9.546481196105263134e-01 2.339741988767904957e-01 -1.841277871046363979e-01 -2.201491883615728229e-01 -1.888998728716084208e-01 9.539883124753628652e-01 2.328586216774025941e-01 -1.958704199195398510e-01 2.301386663582988823e-01 -1.875163297432349274e-01 9.549208450580864982e-01 -1.931997097092797433e-01
8.363071361116594105e-01 4.622701953945951292e-01 -2.947823613084019634e-01 -2.117605549282515209e-01 -2.990578391458302843e-01 8.352658565892040476e-01 4.614058491845652865e-01 -1.972863807233016242e-01 4.595158135844087388e-01 -2.977200283255159174e-01 8.367843221521976682e-01 -1.897666826630851900e-01
4.477616457794327820e-01 8.452625382659296749e-01 -2.916174719956465267e-01 -2.159280141882142234e-01 -2.911186828706712193e-01 4.461797291500597673e-01 8.462703833759189775e-01 -2.267752782709459847e-01 8.454344569820533284e-01 -2.940321252853456135e-01 4.458538866575501025e-01 -1.789750389002326691e-01
1.225468021680673480e-01 -1.085362191492647010e-01 9.865100964567790065e-01 -2.387465691425710856e-01 9.855559539284015624e-01 1.303732710772109726e-01 -1.080845588643740141e-01 -2.307596456772485483e-01 -1.168834588582097767e-01 9.855063162260355725e-01 1.229453444581385391e-01 -1.611449062542325006e-01
-3.241258036425795908e-01 5.728945707903777551e-01 7.528175570295642105e-01 -2.306571389867698996e-01 7.537990219751381504e-01 -3.244226161799907970e-01 5.714341611946696098e-01 -1.919757462886857724e-01 5.716025698703405267e-01 7.526896949406438608e-01 -3.266936259674857457e-01 -1.598288534469399780e-01
