1.000000000000000000e+00 0.000000000000000000e+00 0.000000000000000000e+00 0.000000000000000000e+00 0.000000000000000000e+00 1.000000000000000000e+00 0.000000000000000000e+00 0.000000000000000000e+00 0.000000000000000000e+00 0.000000000000000000e+00 1.000000000000000000e+00 0.000000000000000000e+00
9.999845433293242936e-01 1.039190967530931840e-03 5.461976251840342314e-03 1.070967885557121413e+00 -1.017315270455027270e-03 9.999914571110780637e-01 -4.006341785656055039e-03 -1.661351158834258393e-03 -5.466092944980424292e-03 4.000723309102599719e-03 9.999770577572871799e-01 1.146583973008513148e-02
9.994040015574536806e-01 1.485423303536912440e-03 -3.448818911683202565e-02 2.210963809962675608e+00 -1.836751023582120163e-03 9.999467248293283372e-01 -1.015745286854892113e-02 1.456276592088822860e-02 3.447126363547515365e-02 1.021474525912086442e-02 9.993534864914740412e-01 -6.744987239736126294e-02
9.999981174683406637e-01 1.634254701996404823e-05 -1.940307371502503512e-03 3.375780336339500032e+00 -1.613967234727611621e-05 9.999999944019345444e-01 1.045736194303710401e-04 5.965434277818180281e-03 1.940309069639828280e-03 -1.045421066419926842e-04 9.999981121340490997e-01 3.991357260453359812e-02
9.999930316966579857e-01 -2.233535338329132539e-03 2.991300389333489615e-03 4.512102893648354041e+00 2.223607605066671520e-03 9.999920228844516590e-01 3.318092325559862839e-03 5.976320253566290604e-03 -2.998687603849621228e-03 -3.311417725791260952e-03 9.999900211428611740e-01 5.437855081572004479e-02
9.999639073719925886e-01 -2.133252948590244960e-03 -8.223939761115251976e-03 5.530482329122885510e+00 2.122274937630687017e-03 9.999968456339741740e-01 -1.343380508576020411e-03 2.160080760827549559e-02 8.226779590230067982e-03 1.325878561199452530e-03 9.999652804690843944e-01 -3.296542907145019741e-02
9.997922654223340144e-01 -2.280140091996416939e-03 -2.025406040373592398e-02 6.679078252587751230e+00 2.169249860024897048e-03 9.999825481546698036e-01 -5.495247140780625851e-03 2.913473318733113271e-02 2.026623686632757215e-02 5.450169470240924692e-03 9.997797633959308872e-01 -8.792155851250385568e-03
9.999932664179544961e-01 -3.602243972321290087e-03 7.006833191982434796e-04 7.887111634024750906e+00 3.600751020078241278e-03 9.999912691534251774e-01 2.120426611155037076e-03 2.997754230592027808e-02 -7.083154956184689512e-04 -2.117889346912124431e-03 9.999975064138274528e-01 5.523169733103008849e-02
9.998721987511861586e-01 -6.607105205173265799e-03 1.455789563351220749e-02 9.061568844177450899e+00 6.597111917864042704e-03 9.999779691666300652e-01 7.343675683763161571e-04 4.386380175672794507e-02 -1.456242695472281627e-02 -6.382336485011249651e-04 9.998937585458758104e-01 1.046639026566088260e-01
9.999017862476168306e-01 -1.396442858921488790e-02 -1.188525557945777208e-03 1.017689690261003932e+01 1.395598336918181352e-02 9.998792168553559678e-01 -6.839753571516732876e-03 7.456659507268063869e-02 1.283895254408671605e-03 6.822494770732558632e-03 9.999759022986899337e-01 -4.181963225792578731e-02
9.995262647666842692e-01 -2.949113780114211852e-02 8.804477994416925329e-03 1.142081722313282555e+01 2.957898393932772291e-02 9.995122253189087091e-01 -1.001973787881305263e-02 1.053984466222576549e-01 -8.504689922455625078e-03 1.027541868914229502e-02 9.999110390530178138e-01 7.502593491959158589e-02
9.982737037009915548e-01 -5.437661495537541440e-02 2.219901450740249457e-02 1.262463757578099965e+01 5.435710257845636356e-02 9.985204601831264570e-01 1.481888981189579454e-03 1.426511863431872973e-01 -2.224675028808019775e-02 -2.726566930062920271e-04 9.997524732452266472e-01 7.609522815518293681e-02
9.965853607026220473e-01 -8.111267751816225724e-02 1.543866506727027341e-02 1.371856427585348293e+01 8.120638482180006501e-02 9.966819013492050905e-01 -5.541713372877368066e-03 2.331824308156195957e-01 -1.493793484382820169e-02 6.776508597207167930e-03 9.998654594663392015e-01 -4.746921732510006597e-02
9.932700383262209609e-01 -1.158140213013138103e-01 1.320391398922855222e-03 1.496606798878864097e+01 1.158215122250691037e-01 9.931962341565737651e-01 -1.210858220843420881e-02 3.533782272893036813e-01 9.093583279339836553e-05 1.218002164279986289e-02 9.999258166501429068e-01 -1.927908339735787124e-03
9.866918651628855397e-01 -1.602722787317019948e-01 2.742188708921700080e-02 1.616882390876277498e+01 1.600903876331536135e-01 9.870638520185600617e-01 8.718934897608349860e-03 5.206072096915637104e-01 -2.846455706405360414e-02 -4.212921602609634615e-03 9.995859244120625098e-01 1.389360191111932430e-02
9.785049845671618396e-01 -2.043215506553164307e-01 2.794099345093720849e-02 1.727584955330207350e+01 2.041470762620385959e-01 9.788989391988053290e-01 8.991000451292776446e-03 7.213271761238838620e-01 -2.918846400343398650e-02 -3.093666636969986429e-03 9.995691385771469095e-01 -6.066995536313024573e-02
9.679368567519975874e-01 -2.511934706386605431e-01 -2.857438840342071441e-04 1.851633384136735216e+01 2.511771187738073841e-01 9.678856385948640950e-01 -1.036559724766808119e-02 1.021879884436253993e+00 2.880337749557317431e-03 9.961471292766050506e-03 9.999462349267244088e-01 -1.148799536743783656e-01
9.502383834214870317e-01 -3.095908261813123397e-01 3.464873759448339890e-02 1.971339661680648092e+01 3.093220011369304800e-01 9.508684652443180063e-01 1.300236196081349868e-02 1.361282253397922748e+00 -3.697180392087625472e-02 -1.637726560710460640e-03 9.993149671482702834e-01 -7.501529167503506734e-02
9.298124639036069450e-01 -3.662586083961456573e-01 3.610282184570224456e-02 2.080932709305466588e+01 3.658300380283605602e-01 9.305061420970268671e-01 1.807492173913591640e-02 1.761287576869317917e+00 -4.021399315750582432e-02 -3.598790828386454199e-03 9.991846092984527639e-01 -9.873173781725697040e-02
9.076142071348971552e-01 -4.185216560929446161e-01 3.280357279490953709e-02 2.181448425367784694e+01 4.182837159813548866e-01 9.082063825912961574e-01 1.413858427359213424e-02 2.186245806524779400e+00 -3.570971788912848804e-02 8.888203706333861961e-04 9.993618093796798885e-01 -1.365445461140935013e-01
8.828554099792016441e-01 -4.689720807424735405e-01 2.512991354005446321e-02 2.275623356470741143e+01 4.688033543317710050e-01 8.832127441179431493e-01 1.259617382115042414e-02 2.642234115553563800e+00 -2.810231374345694561e-02 6.603875586038750883e-04 9.996048338471241745e-01 -1.892349972841134709e-01
8.564214113820285412e-01 -5.155772067905801670e-01 2.687954546560708882e-02 2.367134006253448320e+01 5.154273906276516382e-01 8.568381489280247898e-01 1.276681371237320742e-02 3.151321926605802570e+00 -2.961369813421851557e-02 2.920681362193081575e-03 9.995571511940655185e-01 -2.288563548235914569e-01
8.287164302350407130e-01 -5.588663842585173125e-01 2.995734975430971309e-02 2.455009316262941965e+01 5.584914870259218844e-01 8.292576867229070059e-01 2.046821757133560071e-02 3.711506694805861706e+00 -3.628136130391689668e-02 -2.314233873513069778e-04 9.993415878793149298e-01 -2.316350715541755645e-01
8.027892742290383410e-01 -5.958792455133101740e-01 2.138471298152838304e-02 2.542103412660705075e+01 5.958116979005694258e-01 8.030606740203314331e-01 1.009824177031294970e-02 4.322804054097024284e+00 -2.319055470778258812e-02 4.634501968861883155e-03 9.997203206716596124e-01 -3.108516521685755762e-01
7.778140748004245264e-01 -6.279573844614352307e-01 2.597668844777957162e-02 2.627540357183182707e+01 6.277914703501947802e-01 7.782344905683772351e-01 1.513100939524759589e-02 4.996715976158870198e+00 -2.971758398491226513e-02 4.538831361899408993e-03 9.995480299675287839e-01 -3.217445311087152593e-01
7.553972554808224826e-01 -6.548740683297213927e-01 2.269231238372272641e-02 2.713041272810819393e+01 6.547555774025324293e-01 7.557229086505693472e-01 1.334238363260063787e-02 5.712471726299972019e+00 -2.588668136933133801e-02 4.779118119764241661e-03 9.996534598337966093e-01 -3.650335835396695816e-01
7.370621484544990221e-01 -6.754861242596307269e-01 2.139825339463434853e-02 2.798162055922917446e+01 6.753073646795301199e-01 7.373673396084103882e-01 1.579144351867330792e-02 6.459826641407256709e+00 -2.644527415676166046e-02 2.811122821604107765e-03 9.996463099833138299e-01 -3.923905103788343784e-01
7.231646279510994813e-01 -6.903425242687749597e-01 2.145040947310169685e-02 2.881847633786310681e+01 6.901911175204130666e-01 7.234718289399616475e-01 1.499113158471724987e-02 7.236538590788061498e+00 -2.586778259285503132e-02 3.963825990482486641e-03 9.996575143053975099e-01 -4.252512570694966798e-01
7.135807993408336269e-01 -7.002247696969082780e-01 2.208426396800915181e-02 2.963592466024093497e+01 7.000247612373430295e-01 7.139148778115155247e-01 1.705523069236578385e-02 8.029382679248918464e+00 -2.770877959596797918e-02 3.289246460907366970e-03 9.996106263896065158e-01 -4.617426454282983483e-01
7.084839235116011658e-01 -7.053161444911286715e-01 2.407626311903338784e-02 3.042035211452014209e+01 7.049504474254644215e-01 7.088923593829434822e-01 2.272640497573923113e-02 8.818283856213179561e+00 -3.309677930320852057e-02 8.712798935704840764e-04 9.994517717584484595e-01 -4.805939336688619390e-01
7.057126283061561089e-01 -7.079648589198951347e-01 2.748535580541612219e-02 3.112568611164767063e+01 7.074987783158167565e-01 7.062464708090880894e-01 2.571772057035019363e-02 9.515853483540409385e+00 -3.761867795183647389e-02 1.296535476162315875e-03 9.992913259229838641e-01 -4.799784993417834933e-01
7.055798013472160957e-01 -7.081774119645020127e-01 2.533568854566769363e-02 3.175986602723017427e+01 7.079490591098086538e-01 7.060181875854902867e-01 1.861312719658297227e-02 1.015987453421126219e+01 -3.106885315488498722e-02 4.803330277989119323e-03 9.995057050271802801e-01 -5.110468559552365786e-01
7.065078822732971942e-01 -7.074600252556009217e-01 1.862592148177772550e-02 3.238919425051044954e+01 7.073414525615409065e-01 7.067438584599716744e-01 1.346060983911882142e-02 1.078698650373298840e+01 -2.268659899214285625e-02 3.664859404674918920e-03 9.997359086437346276e-01 -5.692501371793472487e-01
7.081069098010307483e-01 -7.058419660262584827e-01 1.928012676880523635e-02 3.304538528721581514e+01 7.057980054072114928e-01 7.083402959018583189e-01 1.015877772518545413e-02 1.144250911075404886e+01 -2.082738234240950198e-02 6.414374315084302863e-03 9.997625097726504650e-01 -5.973742574831759633e-01
7.108019585321786460e-01 -7.031658533440564574e-01 1.784260176498712186e-02 3.374152988728904035e+01 7.030987445894313348e-01 7.110094425548572072e-01 1.085025136099770915e-02 1.212876514793660654e+01 -2.031578459190527125e-02 4.832730983208004087e-03 9.997819330272272875e-01 -6.284505563508974157e-01
7.163327150100540219e-01 -6.974327973499504507e-01 2.132919564699244791e-02 3.445586020905989244e+01 6.973391523490620747e-01 7.166273680906747323e-01 1.277974587087186802e-02 1.283916391004824042e+01 -2.419809925213892154e-02 5.719133155940846550e-03 9.996908239593520484e-01 -6.593541534632969547e-01
7.217517859605728781e-01 -6.917157327884497775e-01 2.457039836188013374e-02 3.517726678706920751e+01 6.916175896336158591e-01 7.221346594258444274e-01 1.366174825222183503e-02 1.353448271517515167e+01 -2.719318245647058332e-02 7.132928490996435535e-03 9.996047479674310399e-01 -6.668149634390869718e-01
7.261283801304603269e-01 -6.870840037081268337e-01 2.555674896234531868e-02 3.590189543291310770e+01 6.869521348007919803e-01 7.265475250308573996e-01 1.501527103218720793e-02 1.424731894992641479e+01 -2.888494524398477203e-02 6.653248826429120077e-03 9.995606005732247112e-01 -6.897614471482065301e-01
7.294111420162381343e-01 -6.838675945582533000e-01 1.686709861463043039e-02 3.658936658015720411e+01 6.835309337001895802e-01 7.295925365391435768e-01 2.191331333517633484e-02 1.486743682002317435e+01 -2.729191414163242499e-02 -4.454631240299116238e-03 9.996175807192462237e-01 -6.658572216286697820e-01
7.311472103588756433e-01 -6.820551805520853605e-01 1.498290580950452019e-02 3.725440596806165416e+01 6.820278971662359080e-01 7.312861020009751023e-01 7.654051686655597223e-03 1.551888935049775675e+01 -1.617727639117719912e-02 4.622521204055258029e-03 9.998584539955051032e-01 -7.457176213516334418e-01
