1.000000000000000000e+00 0.000000000000000000e+00 0.000000000000000000e+00 0.000000000000000000e+00 0.000000000000000000e+00 1.000000000000000000e+00 0.000000000000000000e+00 0.000000000000000000e+00 0.000000000000000000e+00 0.000000000000000000e+00 1.000000000000000000e+00 0.000000000000000000e+00
2.778948091603673509e-01 9.364729101725255411e-01 -2.139929053840903261e-01 7.938897248285745056e-02 -2.141587065308802607e-01 2.775578675261947126e-01 9.365349318585676208e-01 6.707536345869978545e-02 9.364350075999634537e-01 -2.144297523370126135e-01 2.776857177709075586e-01 1.195450735697254074e-01
9.769647796512652693e-01 -1.671134517610166625e-01 1.327136525059608996e-01 3.891675930341501610e-01 1.793191634511137611e-01 9.800249610294919922e-01 -8.599833357882856466e-02 -1.099495489955164274e-01 -1.156912137551824871e-01 1.078154441611269693e-01 9.874165144761311019e-01 2.499018932916746705e-01
9.996605026957422480e-01 1.714880748371482022e-02 -1.961626243661982599e-02 1.670770599543842660e-01 -1.655009479909692882e-02 9.994042234629995081e-01 3.028683685134434325e-02 1.440048248194754077e-01 2.012395866217082940e-02 -2.995190354894879461e-02 9.993487428128169370e-01 1.623075720069323546e-01
-2.293025000300450422e-01 2.989993100209635823e-01 9.262935690627239760e-01 1.963564902641267429e-01 9.296722947639091128e-01 -2.146160583882528172e-01 2.994150494385642292e-01 2.148771621679316790e-01 2.883223678946517099e-01 9.298060873584762520e-01 -2.287593759449944031e-01 2.459874743415671750e-01
-2.000598367596579941e-01 2.499555545353383534e-01 9.473638595981115351e-01 1.492739992136887239e-01 9.492761485220219120e-01 -1.899560717019421752e-01 2.505822912154069271e-01 1.700823468583322617e-01 2.425919527991302060e-01 9.494413681636681979e-01 -1.992742654147958703e-01 1.818815910409173342e-01
5.148989416351146264e-01 7.973016377232057250e-01 -3.149431351640050725e-01 2.194891446656537792e-01 -3.037574126637699878e-01 5.132399442277331136e-01 8.026930882354261776e-01 1.768475356934634257e-01 8.016299109656843669e-01 -3.176395097166084813e-01 5.064529866751124043e-01 2.377555523417811401e-01
8.946813813008135385e-01 3.626793569398574779e-01 -2.607851798000794807e-01 1.354787615114768917e-01 -2.531911539767343622e-01 8.926824259584995591e-01 3.728435676430232326e-01 8.882461189767185128e-02 3.680210123098923147e-01 -2.675476974943710728e-01 8.904935508266540456e-01 1.234956472856540699e-01
5.456225475844123096e-01 -3.216000297046283096e-01 7.738665624392089271e-01 9.133946940130976966e-03 7.724910869178863715e-01 5.510102181245208897e-01 -3.156663747610609638e-01 2.617177075422101248e-02 -3.248900678689921051e-01 7.700397135319386743e-01 5.490767554574965681e-01 4.760814972599498179e-02
8.797922439613690138e-01 3.924294069294190779e-01 -2.682624983899973281e-01 -5.818263011818856911e-02 -2.719891774820293318e-01 8.784065247767814943e-01 3.929680197703455669e-01 -3.221034779021009209e-02 3.898557358793994232e-01 -2.727657196324383415e-01 8.795517991541658143e-01 -1.724239244627799594e-02
9.265621437103664926e-01 3.009793757381323820e-01 -2.255970062370824258e-01 -6.254485281778941752e-02 -2.282657424704434002e-01 9.266329920490480321e-01 2.987407720091886376e-01 -3.188996427096384145e-02 2.989604399536287538e-01 -2.253058219987068012e-01 9.272863322168722888e-01 -5.537567931855793407e-02
7.780790071101474359e-01 -3.178441500623584437e-01 5.418193010272189802e-01 -1.006605604761539596e-01 5.387216092489705010e-01 7.812450073812694518e-01 -3.153335791983464809e-01 -7.476169159105813811e-02 -3.230666903639041743e-01 5.372442039826742510e-01 7.790998516649428884e-01 -4.904951587051997741e-02
9.044228835072584127e-01 3.472744272189891013e-01 -2.478300223704528737e-01 -1.546557136876725025e-01 -2.527490559329398923e-01 9.041133891292328917e-01 3.445241563697095111e-01 -1.102963092159494063e-01 3.437108705197199909e-01 -2.489567267558269736e-01 9.054741220430326809e-01 -1.342487856216710296e-01
-2.833414481142235708e-01 8.598030162776638674e-01 4.248015971961096593e-01 -2.929442714508537216e-01 4.238499364523847790e-01 -2.850741822510616252e-01 8.596999139136852763e-01 -2.437022478273392634e-01 8.602725470162604360e-01 4.236407485284195973e-01 -2.836541221918627009e-01 -2.207833720060251581e-01
-7.003672036121599831e-02 7.633879766319529026e-02 9.946191460918010208e-01 -2.787678784140167343e-01 9.945111248504221457e-01 -7.235284909263506314e-02 7.558232450068591568e-02 -2.023012569997146293e-01 7.773339275879714849e-02 9.944533439028282462e-01 -7.085242727451523947e-02 -2.217810902044912713e-01
-3.241223228416716395e-01 7.590077399066569308e-01 5.646697889895551103e-01 -2.527113718504238049e-01 5.610112252305433644e-01 -3.263920384202663172e-01 7.607461090411102855e-01 -1.892881247759122809e-01 7.617159083287183829e-01 5.633608861268706303e-01 -3.200209164746947721e-01 -1.986022506588185355e-01
-1.442556082987227484e-01 1.692244885759462414e-01 9.749632772266734193e-01 -2.348930031936720120e-01 9.737225826829800646e-01 -1.511872971800172216e-01 1.703136317051242021e-01 -1.382389839428380396e-01 1.762232999564840585e-01 9.739124568654058400e-01 -1.429680905476338193e-01 -1.902414537705386655e-01
6.108297023778942458e-01 -3.263882497056551646e-01 7.213582917988896615e-01 -2.210959983191579381e-01 7.189474306777803303e-01 6.102919614741376675e-01 -3.326534438148323058e-01 -1.301471121983642787e-01 -3.316649915422960060e-01 7.218132945673199075e-01 6.074404507201673908e-01 -1.731318309712930326e-01
9.519983618293628158e-01 -1.894380392639071764e-01 2.404419854227959064e-01 -1.798214580555854702e-01 2.369610975582271406e-01 9.533302495279546429e-01 -1.871119279441268990e-01 -1.559890028725013922e-01 -1.937745012074859885e-01 2.351056456464075683e-01 9.524582815362444554e-01 -1.336420022336719249e-01
7.394076357854977299e-01 5.912729702003609589e-01 -3.219823331373071751e-01 -1.765230320652296236e-01 -3.298553789988927787e-01 7.350637522807448310e-01 5.923484692547527075e-01 -1.270461523396967107e-01 5.869171807739125279e-01 -3.317793766848610715e-01 7.385463209027633980e-01 -1.020058716982962660e-01
2.979843233550305559e-01 9.288714044046910701e-01 -2.200074024070595158e-01 -2.120306220070504732e-01 -2.199453782753553743e-01 2.910873004491674187e-01 9.310704667706560800e-01 -1.857899456223807144e-01 9.288860929144948653e-01 -2.290547916907076376e-01 2.910404246725378785e-01 -1.006966063088171603e-01
-4.041411853570520130e-02 9.983048782563701540e-01 4.188160780719435428e-02 -2.330373481666550006e-01 3.774309518906382444e-02 -4.036067797937503698e-02 9.984720699341540495e-01 -1.945699174900615835e-01 9.984699083039663137e-01 4.193311009904793218e-02 -3.604797482369681560e-02 -1.786298218629358003e-01
-2.792267789538160905e-02 9.993090214697123441e-01 2.453168702712965610e-02 -2.592161902960875564e-01 1.896393875940016738e-02 -2.400726830979338366e-02 9.995319004889395842e-01 -2.333245926969463313e-01 9.994301841979160717e-01 2.837482471395852412e-02 -1.828048786470537479e-02 -2.477547647905524730e-01
9.991626403283968560e-01 3.328833062768410400e-02 -2.378876238917317087e-02 -2.782967310301353581e-01 -3.254706552124413121e-02 9.989925492089201109e-01 3.089619962097731737e-02 -1.946762474344397309e-01 2.479327928980740864e-02 -3.009607398125918598e-02 9.992394706140126370e-01 -1.721252870231287369e-01
-4.776147945864606115e-02 9.974347208945605336e-01 5.331808918098895900e-02 -2.430323946697671711e-01 5.102554648100599000e-02 -5.087295201360797492e-02 9.974007902341646137e-01 -1.971239243039951405e-01 9.975546274195896679e-01 5.035792199258909418e-02 -4.846488426017625528e-02 -1.512657369878578906e-01
-3.234000418600642135e-01 7.530603939349214127e-01 5.729855635279913484e-01 -2.344495970746787727e-01 5.705698772306859734e-01 -3.278779136485938661e-01 7.529582252279373167e-01 -1.558865798125817770e-01 7.548923288270114051e-01 5.704350241947159228e-01 -3.236378455157942202e-01 -1.479531309559631025e-01
9.225981503926805605e-01 -2.300403658988355304e-01 3.096676976197784148e-01 -1.629104662466092923e-01 3.066717976526372458e-01 9.243479414153872309e-01 -2.270094529433430430e-01 -1.442767809207452789e-01 -2.340193612001036649e-01 3.044048509111932921e-01 9.233485936119844029e-01 -1.194054839961103537e-01
-2.060404227309526881e-01 2.698231035602575711e-01 9.406076955808735374e-01 -1.711366070079145263e-01 9.425104142241547134e-01 -2.037238786566377691e-01 2.648975280067903948e-01 -1.053800683038595420e-01 2.630997211702496563e-01 9.411121474352599492e-01 -2.123357310250226782e-01 -5.299971180242075974e-02
-2.194170338511647333e-01 2.929165961721828526e-01 9.306213155429329253e-01 -1.167141546719114714e-01 9.321650792909930150e-01 -2.186005055287667531e-01 2.885863543776528428e-01 -4.849510421631321455e-02 2.879660226595724959e-01 9.308134542804320510e-01 -2.250819475750032161e-01 -1.011898770693991922e-02
-8.508810751101325565e-02 1.004703881353085637e-01 9.912949687495316020e-01 -1.472196100115994999e-01 9.921301228703378605e-01 -8.317871117230657418e-02 9.359017737456476471e-02 -6.578497235958857825e-02 9.185767933865268686e-02 9.914570102206422542e-01 -9.260217940665760317e-02 -1.801411524790847221e-02
9.982074159603326891e-01 4.655709839391222737e-02 -3.760839415522711920e-02 -1.896999165366546336e-01 -4.481868572962874331e-02 9.979440163173521894e-01 4.581512529570443137e-02 -1.349650113034023269e-01 3.966409120683491579e-02 -4.404743903488486656e-02 9.982417457626203694e-01 -1.227113139987857093e-01
2.042373433861428556e-01 9.642840969041641674e-01 -1.686513801434527116e-01 -2.383607324033569785e-01 -1.681561579435383869e-01 2.042807170553437857e-01 9.643613924172942387e-01 -2.319809158642249791e-01 9.643705792444307034e-01 -1.685988407346716844e-01 2.038720598578585008e-01 -1.769050539125306964e-01
-2.999322596240925343e-01 4.643217732146214249e-01 8.333342249995594475e-01 -2.440795797834239556e-01 8.357610595879811921e-01 -2.932734611015175297e-01 4.642134512160461801e-01 -2.397263378161849090e-01 4.599392252386849123e-01 8.357008842476877364e-01 -3.000998852956660023e-01 -1.783651528313955903e-01
4.276490423037253574e-01 8.591808315989198919e-01 -2.809352153605791935e-01 -2.953186687139489619e-01 -2.876120595344952013e-01 4.239658561546044702e-01 8.587969818446146153e-01 -2.238801669379286152e-01 8.569688441402246726e-01 -2.864633509335561268e-01 4.284193608427211419e-01 -2.149896968089595739e-01
9.205176638689688273e-01 3.163590305792587931e-01 -2.292688253473808557e-01 -2.844381306206477666e-01 -2.374553377314905789e-01 9.190053691108307499e-01 3.147127168201016567e-01 -2.087688908239624941e-01 3.102614914681484648e-01 -2.352575085229318685e-01 9.210818159075461198e-01 -2.020786069628535686e-01
1.245942497718853792e-01 9.861799126456951559e-01 -1.092037216303104463e-01 -2.465805904276663907e-01 -1.114845279619818830e-01 1.232787554976407796e-01 9.860900306098054902e-01 -2.166499768482551824e-01 9.859246791458641246e-01 -1.106866222137173339e-01 1.253036261009340402e-01 -1.883218399883673233e-01
-1.219662733228887852e-02 9.998426665185999873e-01 1.287961531620368527e-02 -2.215242149622807522e-01 1.082338969470414414e-02 -1.274781108919742501e-02 9.998601639969216803e-01 -1.912012788823945209e-01 9.998670394193591715e-01 1.233432290035663126e-02 -1.066620651196581449e-02 -1.585668605793456032e-01
4.543977559559420065e-02 9.981223156388223661e-01 -4.107395546592335078e-02 -2.307790063486637455e-01 -4.191395618385351796e-02 4.298513635017719992e-02 9.981961221773876236e-01 -2.029430843156209974e-01 9.980873945055310781e-01 -4.363623582243641996e-02 4.378848995351025675e-02 -1.507968465320368157e-01
-3.343262087148057837e-01 7.090392573542478871e-01 6.208778605304912102e-01 -2.274535080231472883e-01 6.220549871384468688e-01 -3.288885286680192088e-01 7.105490332741096760e-01 -2.256979450225511941e-01 7.080067648988745965e-01 6.237753339473449676e-01 -3.311053512347807981e-01 -1.670607461522770065e-01
-1.004515109137598117e-01 9.881463686333272767e-01 1.160872435365372657e-01 -2.732553441768887925e-01 1.161605402633693052e-01 -1.042317516723976212e-01 9.877461570813758085e-01 -2.318725080156670837e-01 9.881377549921190884e-01 1.127053508049736807e-01 -1.043133790990535825e-01 -1.731980725472774818e-01
