1.000000000000000000e+00 0.000000000000000000e+00 0.000000000000000000e+00 0.000000000000000000e+00 0.000000000000000000e+00 1.000000000000000000e+00 0.000000000000000000e+00 0.000000000000000000e+00 0.000000000000000000e+00 0.000000000000000000e+00 1.000000000000000000e+00 0.000000000000000000e+00
9.999847157447487866e-01 1.048535098624669374e-03 5.428521994146021969e-03 1.071805893775086282e+00 -1.026964565449707458e-03 9.999915730424356886e-01 -3.974819228143856333e-03 -2.003809551217630193e-03 -5.432643985692937015e-03 3.969183576261443337e-03 9.999773657243761216e-01 1.152279213730960684e-02
9.994036247316239185e-01 1.490676747573152494e-03 -3.449888050539775403e-02 2.211356320912573725e+00 -1.841618791602013267e-03 9.999468623444165427e-01 -1.014302360160997292e-02 1.435547335844685433e-02 3.448192734633443585e-02 1.020050833981538986e-02 9.993532640243346643e-01 -6.717829952355568179e-02
9.999980952065110618e-01 2.186258992794635868e-05 -1.951692951471573935e-03 3.375948498350860749e+00 -2.163701708342351216e-05 9.999999930843461726e-01 1.155990788448008077e-04 5.835080229372513472e-03 1.951695465269597841e-03 -1.155566298386954971e-04 9.999980887639116078e-01 4.011499214797581425e-02
9.999929968530206770e-01 -2.236019250618062008e-03 3.001076944273390040e-03 4.512122129635779189e+00 2.226041173045658749e-03 9.999919976358255802e-01 3.324064531104776749e-03 5.630428930249946340e-03 -3.008485600844613191e-03 -3.317360731350865819e-03 9.999899720158035299e-01 5.468359399461189541e-02
9.999638155331780354e-01 -2.127843913885994146e-03 -8.236498321881457335e-03 5.530771698707425799e+00 2.116950630456324988e-03 9.999968734015858285e-01 -1.331054875223940332e-03 2.132851855505476027e-02 8.239304846674160715e-03 1.313570451397710242e-03 9.999651935884132925e-01 -3.284322885019977378e-02
9.997922370823135729e-01 -2.278221165581786976e-03 -2.025567521124861312e-02 6.679059287701797132e+00 2.167491627132971544e-03 9.999825979781005181e-01 -5.486868051527346406e-03 2.888420773782899437e-02 2.026782302047274234e-02 5.441824077389694099e-03 9.997797767012100989e-01 -8.435459415848722831e-03
9.999932576481400659e-01 -3.605252328476456301e-03 6.977205089684900561e-04 7.887448367078538247e+00 3.603757407734129847e-03 9.999912334929381696e-01 2.132104551419166522e-03 2.975677257974251172e-02 -7.054011672952801995e-04 -2.129575760567355494e-03 9.999974836549705426e-01 5.557901839756662632e-02
9.998722057712635669e-01 -6.606839975766080550e-03 1.455753384479927838e-02 9.061773317602945355e+00 6.596795349741439718e-03 9.999779686497666242e-01 7.379066336080403622e-04 4.372766983859010387e-02 -1.456208835371791514e-02 -6.417792618278435682e-04 9.998937612077383186e-01 1.048657671753774057e-01
9.999016322585365657e-01 -1.397200836063547565e-02 -1.228327759465246746e-03 1.017754062656281278e+01 1.396331633475879873e-02 9.998792430066533177e-01 -6.820938452836403272e-03 7.433657273866814408e-02 1.323481639388579892e-03 6.803115963457958583e-03 9.999759827163540171e-01 -4.185162436519318518e-02
9.995263605533676321e-01 -2.948821179009285948e-02 8.803404134882180862e-03 1.142097847872542715e+01 2.957599700868785569e-02 9.995123725401940940e-01 -1.001386738549402827e-02 1.054803809267603337e-01 -8.503820310984891093e-03 1.026949387724645710e-02 9.999111073168572839e-01 7.532059246965933097e-02
9.982732777615639375e-01 -5.437697127675451131e-02 2.221728835727855220e-02 1.262514948116108116e+01 5.435732049526655757e-02 9.985204394048599053e-01 1.487884168994404272e-03 1.426156752417233886e-01 -2.226532316761480404e-02 -2.776427425392402008e-04 9.997520584118589904e-01 7.673365140176527377e-02
9.965853472283373593e-01 -8.111490087676688499e-02 1.542784967279819779e-02 1.371855472245792207e+01 8.120846888800299646e-02 9.966817561909765422e-01 -5.537278838651810836e-03 2.330126752469435236e-01 -1.492750048201063086e-02 6.771243004280159267e-03 9.998656509739378695e-01 -4.735166205564045327e-02
9.932703090522133627e-01 -1.158117373824918833e-01 1.317057238448839400e-03 1.496633367660343339e+01 1.158191879205822533e-01 9.931965122082456743e-01 -1.210800754843736719e-02 3.532495112922178215e-01 9.415273481884673702e-05 1.217906489944498537e-02 9.999258280059765136e-01 -1.596222507271524704e-03
9.866926851318394975e-01 -1.602674621238953379e-01 2.742053412474792021e-02 1.616935342471697723e+01 1.600856748195795543e-01 9.870646473566856427e-01 8.715426333895475580e-03 5.203976632841567085e-01 -2.846263910603746491e-02 -4.209812702186492388e-03 9.995859921248055890e-01 1.387293909729758745e-02
9.785050776625623392e-01 -2.043227788362079467e-01 2.792874929589250765e-02 1.727644482645173341e+01 2.041485857995329056e-01 9.788987007978353638e-01 8.982677349252256999e-03 7.214896227824837416e-01 -2.917478199804592054e-02 -3.087980725341663187e-03 9.995695555940098398e-01 -6.076719562245203043e-02
9.679367821888844592e-01 -2.511937487400352498e-01 -2.937341590522016700e-04 1.851670373085544696e+01 2.511773231729683142e-01 9.678856074258372910e-01 -1.036355448580034491e-02 1.022106664528652731e+00 2.887561166515753737e-03 9.957486221229570889e-03 9.999462537850040134e-01 -1.147193659356146034e-01
9.502374903792377703e-01 -3.095934649171424025e-01 3.464965163412279947e-02 1.971354793044511311e+01 3.093250370564851193e-01 9.508676242896274555e-01 1.299163299220286102e-02 1.361167772631498574e+00 -3.696935660478950503e-02 -1.627131954719618877e-03 9.993150749957842027e-01 -7.527283968244757872e-02
9.298130964410032950e-01 -3.662573513063438480e-01 3.609928393825674597e-02 2.080960801765870727e+01 3.658289991893168835e-01 9.305066501478506114e-01 1.806979199571348213e-02 1.761114911541868500e+00 -4.020881792512998043e-02 -3.595364332995763974e-03 9.991848299070481554e-01 -9.855115363085054092e-02
9.076134628721844733e-01 -4.185232110529404359e-01 3.280432628629408737e-02 2.181473629250528745e+01 4.182853575096958654e-01 9.082056635446086323e-01 1.413620877332480430e-02 2.186109425934367412e+00 -3.570940640990421383e-02 8.913559518857524372e-04 9.993618182512374881e-01 -1.364895386196218474e-01
8.828542242040536836e-01 -4.689750687337723711e-01 2.511580600363083962e-02 2.275660028337795637e+01 4.688066867058778842e-01 8.832111541143277123e-01 1.258363015564343060e-02 2.642370116930334412e+00 -2.808396882414160647e-02 6.649467577784532943e-04 9.996053463947128792e-01 -1.896296645553484927e-01
8.564256593446650800e-01 -5.155699090529293205e-01 2.688417555384473370e-02 2.367101060318971051e+01 5.154197360549956919e-01 8.568425689308574178e-01 1.277919218759110409e-02 3.151134021040193911e+00 -2.962407299907072675e-02 2.912206572868912546e-03 9.995568684931451786e-01 -2.285064641227594617e-01
8.287154313093226810e-01 -5.588680790810256482e-01 2.995336532157892584e-02 2.455044128459261543e+01 5.584932631720309626e-01 8.292565444235574512e-01 2.046603337623508281e-02 3.711739255622353184e+00 -3.627683697981361199e-02 -2.317649351450887241e-04 9.993417520466933990e-01 -2.314662593656368617e-01
8.027906962987551021e-01 -5.958774870821854641e-01 2.138032564719006753e-02 2.542135753861348846e+01 5.958099062061226192e-01 8.030619966376245644e-01 1.009877334349229550e-02 4.322796507113661590e+00 -2.318735868552781673e-02 4.631408534323182107e-03 9.997204091405641480e-01 -3.106034385111262619e-01
7.778148335086403353e-01 -6.279565934365823887e-01 2.597309248912979193e-02 2.627551141563978376e+01 6.277903918724784260e-01 7.782351834879938091e-01 1.514011406854532532e-02 4.996641762937601428e+00 -2.972050885375355708e-02 4.529452608363512128e-03 9.995479855477387154e-01 -3.213022715160771536e-01
7.553985561199084708e-01 -6.548723395514008949e-01 2.269890531352144677e-02 2.713033877510252623e+01 6.547539843179845942e-01 7.557243603825685163e-01 1.333833363212963245e-02 5.712443176896123020e+00 -2.588902145083534986e-02 4.786440726928497744e-03 9.996533641985534402e-01 -3.648995826260722497e-01
7.370652634526462244e-01 -6.754828476027676665e-01 2.139439192726775782e-02 2.798169853386793449e+01 6.753041012200682314e-01 7.373703489616647566e-01 1.579048281429250647e-02 6.459452077989080720e+00 -2.644179053765291845e-02 2.809104236032446827e-03 9.996464078095583794e-01 -3.923009426103468700e-01
7.231691170803894453e-01 -6.903379234307254197e-01 2.144713441287331157e-02 2.881863787323855419e+01 6.901866766607016590e-01 7.234762055507699685e-01 1.498437058791714932e-02 7.236549346971779428e+00 -2.586077070054208782e-02 3.966292376246997702e-03 9.996576859423229600e-01 -4.252850929919682610e-01
7.135823286100315688e-01 -7.002231852440314874e-01 2.208508868417383142e-02 2.963587043259795806e+01 7.000230051474163329e-01 7.139164500944540359e-01 1.706149316189563281e-02 8.029342123546728160e+00 -2.771376120026840251e-02 3.285290129612944247e-03 9.996105012998306449e-01 -4.613977951423147705e-01
7.084857459958036063e-01 -7.053144684639692796e-01 2.407173230488966059e-02 3.042079826490892813e+01 7.049486619876160765e-01 7.088940337069491449e-01 2.272956085279217997e-02 8.818230251118013285e+00 -3.309579554323366368e-02 8.657656031085571302e-04 9.994518091270239157e-01 -4.804747462511642087e-01
7.057160669578290690e-01 -7.079616394477010743e-01 2.747999104978467166e-02 3.112579199816741138e+01 7.074957320084340751e-01 7.062496991001721014e-01 2.571287052754425359e-02 9.515788288883575419e+00 -3.761146138377255421e-02 1.295990524458213305e-03 9.992915982740661063e-01 -4.799269420437866640e-01
7.055800694630172121e-01 -7.081773919936742434e-01 2.532877899942592367e-02 3.176029476108253036e+01 7.079495228991670164e-01 7.060181609523585866e-01 1.859648978412808268e-02 1.015999162681493750e+01 -3.105219160390424241e-02 4.810184454608639262e-03 9.995061898368149400e-01 -5.115383458531386207e-01
7.065102838454929701e-01 -7.074576512587424926e-01 1.862499653756509790e-02 3.238910392427955998e+01 7.073391739070478135e-01 7.067462225610925408e-01 1.345622354606578613e-02 1.078712192345581400e+01 -2.268285425284985099e-02 3.667229347883580598e-03 9.997359849239467744e-01 -5.692590731064643972e-01
7.081068537626813431e-01 -7.058420460030432331e-01 1.927925695026720329e-02 3.304546042248332327e+01 7.057982671718061596e-01 7.083401640166580027e-01 1.014978315678307166e-02 1.144265689293831123e+01 -2.082041574014255672e-02 6.420135130335474609e-03 9.997626179015275394e-01 -5.976485904384217784e-01
7.108040287852355199e-01 -7.031639101183411178e-01 1.783670849017859883e-02 3.374150221920916692e+01 7.030969171326812983e-01 7.110113584323869418e-01 1.084312218189148122e-02 1.212897641856191022e+01 -2.030659452487410671e-02 4.833599819739874126e-03 9.997821155289711159e-01 -6.284138446283890067e-01
7.163380637186649302e-01 -6.974266574452755441e-01 2.135031504460853380e-02 3.445564968710385756e+01 6.973336772754218371e-01 7.166330977853168083e-01 1.275718214020200685e-02 1.283931481092185933e+01 -2.419754130757192229e-02 5.749838548226990018e-03 9.996906613304625822e-01 -6.593831346887398803e-01
7.217552068803596566e-01 -6.917121420521693542e-01 2.457099669709699591e-02 3.517729425245420316e+01 6.916139353148468283e-01 7.221381134318394235e-01 1.366417240138694672e-02 1.353450906121157260e+01 -2.719532716111507792e-02 7.131456141875415489e-03 9.996047001259530385e-01 -6.666516282213024169e-01
7.261349635902650812e-01 -6.870768699762265230e-01 2.556148265332118183e-02 3.590182357410358094e+01 6.869450303518086498e-01 7.265542435714332781e-01 1.501520640201803487e-02 1.424707035986717329e+01 -2.888840471049363215e-02 6.656267123093263446e-03 9.995604805019397965e-01 -6.895624468729776302e-01
7.294170186034172332e-01 -6.838611634464296651e-01 1.687371036250332954e-02 3.658958388827746688e+01 6.835245419179961646e-01 7.295986021500221463e-01 2.191073564550417158e-02 1.486749292834224256e+01 -2.729493666406841365e-02 -4.448468323964241411e-03 9.996175256377186624e-01 -6.658520533357284998e-01
7.311505544509644405e-01 -6.820516993351564139e-01 1.497818947912811678e-02 3.725454547911482450e+01 6.820244711444505281e-01 7.312893474727835130e-01 7.649250483740373946e-03 1.551896568546679234e+01 -1.617057470159069879e-02 4.622738025882644486e-03 9.998585614010435663e-01 -7.456886652968122142e-01
