1.000000000000000000e+00 0.000000000000000000e+00 0.000000000000000000e+00 0.000000000000000000e+00 0.000000000000000000e+00 1.000000000000000000e+00 0.000000000000000000e+00 0.000000000000000000e+00 0.000000000000000000e+00 0.000000000000000000e+00 1.000000000000000000e+00 0.000000000000000000e+00
2.778966737090252659e-01 9.364743742802247306e-01 -2.139840766457203891e-01 7.724520326764744427e-02 -2.141656578442211467e-01 2.775511829124588381e-01 9.365353233402610167e-01 6.508212060396600940e-02 9.364328645138486618e-01 -2.144320106242462165e-01 2.776912009373571077e-01 1.174691302661573927e-01
9.768540459929581088e-01 -1.675136866307582739e-01 1.330238235000021363e-01 3.851259112549278996e-01 1.797762650471929624e-01 9.799250399836229031e-01 -8.618242592765970600e-02 -1.095429997494001828e-01 -1.159166396720894554e-01 1.081021776120501821e-01 9.873587250045768871e-01 2.468373962463540350e-01
1.302065167038851667e-01 9.852611927404896219e-01 -1.109353193866982612e-01 -1.077551609952487055e-01 -1.179898851571788976e-01 1.264904128110933001e-01 9.849256634221057460e-01 -6.360285862155357073e-02 9.844412882485358285e-01 -1.151544942521441350e-01 1.327207310298443854e-01 -5.113207251575752066e-02
-1.187237646692371751e-01 9.830149068503383214e-01 1.399512794253204295e-01 -6.275830377595370546e-02 1.345642807177248601e-01 -1.237186537043433177e-01 9.831511323700470317e-01 -1.950350976889187599e-02 9.837668026812476096e-01 1.355558469251891274e-01 -1.175903495475276728e-01 5.638442614850858181e-03
-1.551462862343382376e-01 1.829713599369897081e-01 9.707992126647515541e-01 6.879374892344451708e-02 9.711757703467720493e-01 -1.517616625194881941e-01 1.838097409841898955e-01 9.340234304859898473e-02 1.809620207641555734e-01 9.713340718991225753e-01 -1.541520931055551102e-01 1.199468851216697607e-01
6.468917736148364073e-01 6.815776256915653253e-01 -3.420277377437387356e-01 1.674927212220995720e-01 -3.214218738598568770e-01 6.504225302849722112e-01 6.882140009489146060e-01 1.520218441898871231e-01 6.915338113453813884e-01 -3.352647793227658823e-01 6.398269418458304436e-01 1.905966105001866695e-01
8.938334785758865753e-01 3.602377382742013578e-01 -2.670027799481087261e-01 1.096344498997290917e-01 -2.486909571158113508e-01 8.937518455037984921e-01 3.733101210888555843e-01 9.608937264535008516e-02 3.731146210291843568e-01 -2.672759072225597277e-01 8.884531889709248453e-01 1.267361390921231401e-01
-1.041987149786847144e-01 1.195037051328717848e-01 9.873507442931851452e-01 1.750345555279786414e-02 9.873273459588745027e-01 -1.070507485658600544e-01 1.171531013387783760e-01 7.722011193546317320e-02 1.196968659514353606e-01 9.870455925087782134e-01 -1.068347255830213172e-01 8.282731714174529358e-02
-3.332311770255445005e-01 7.019829763309064496e-01 6.294258364571413411e-01 -4.021003762179106711e-02 6.265408150435041179e-01 -3.339932870723307801e-01 7.041981903379483931e-01 6.015216259547141037e-03 7.045591456668430785e-01 6.290217684088696970e-01 -3.285240099672877001e-01 1.610994653438316618e-03
9.215664163819705657e-01 -2.290396470543545615e-01 3.134584187322285720e-01 -9.498971891715711491e-02 3.092807795090761203e-01 9.211710822026261125e-01 -2.361974528649724570e-01 -2.479784842344100182e-02 -2.346502495697600776e-01 3.146183042845081546e-01 9.197578936796302340e-01 -5.792569588602231034e-02
6.918046935248923779e-01 -3.320764848020454352e-01 6.411953479700602809e-01 -1.028272183884513663e-01 6.393192850707123398e-01 6.944773276079516666e-01 -3.301092140113495166e-01 -9.010573184054954110e-02 -3.356741243432430077e-01 6.382996550837503058e-01 6.927455756382442376e-01 -5.960275749368668802e-02
9.629014522873576842e-01 -1.674204273326873049e-01 2.116393009217283905e-01 -1.784395724665442662e-01 2.056926765037964122e-01 9.630169510595103510e-01 -1.740369926330295192e-01 -1.084936467190658338e-01 -1.746748866196915495e-01 2.111131272180509777e-01 9.617275765520155728e-01 -1.284100493197903869e-01
2.834224259881762409e-01 9.350107885739147306e-01 -2.131350597563967941e-01 -3.067006461275011420e-01 -2.194058498723319706e-01 2.795752055132200153e-01 9.347185552368373340e-01 -2.737908918884023324e-01 9.335592115601325514e-01 -2.181571216179450379e-01 2.843847196995589188e-01 -2.426797073819352835e-01
-3.177135036965104131e-01 7.686909787759887980e-01 5.551326946931698370e-01 -3.231735251463508929e-01 5.523049706524196800e-01 -3.258620301045589418e-01 7.673155522526344807e-01 -2.465972981951042864e-01 7.707252097612464770e-01 5.503890591977169677e-01 -3.210210811674751863e-01 -2.299497743338762834e-01
1.432606521843049485e-01 9.827682546050423573e-01 -1.168030105617409165e-01 -3.376784784189128530e-01 -1.290243372685569989e-01 1.355593832825823242e-01 9.823321098266388773e-01 -2.643109932758953007e-01 9.812385570941132285e-01 -1.256591076866476198e-01 1.462213483977570228e-01 -2.574981918792481062e-01
-3.084842590890066738e-01 7.918553393310794331e-01 5.270698089126033548e-01 -3.709341853434168779e-01 5.205589882619443554e-01 -3.232265086253476305e-01 7.902803071452364492e-01 -2.459827690519282295e-01 7.961506149178105840e-01 5.181599614932916875e-01 -3.124971242607887945e-01 -2.637170754782617865e-01
5.607260103168217880e-01 -3.195358183869864144e-01 7.638607216776749365e-01 -2.988467305880670444e-01 7.625364523481447110e-01 5.588067854615852426e-01 -3.259956063544346971e-01 -2.230732545017869994e-01 -3.226832815540421340e-01 7.652658605281230653e-01 5.569952087008165353e-01 -2.473213880670011022e-01
-2.927377308479979234e-01 8.385100234383726647e-01 4.595710625478341971e-01 -3.045568427549000257e-01 4.297490827337273056e-01 -3.139739640157852563e-01 8.466026670225738071e-01 -1.265320350697937413e-01 8.541781704231767858e-01 4.453327862549473215e-01 -2.684368876643454804e-01 -3.310086436688305378e-01
-2.883254067914391428e-01 4.361286547979431605e-01 8.524436968285280525e-01 -3.088350186914102791e-01 8.384414707708048864e-01 -3.149890882676749104e-01 4.447446170151901912e-01 -1.681500402287840201e-01 4.624763344110058849e-01 8.429553195374207553e-01 -2.748489937644382763e-01 -3.594703195789762384e-01
4.344313473149328253e-01 -2.865047031655160725e-01 8.539229822028282513e-01 -3.594402841563829054e-01 8.611975717890056892e-01 4.098316689216414677e-01 -3.006272534113008654e-01 -1.725971346008002283e-01 -2.638335589246612045e-01 8.659983015069612211e-01 4.247808787742284320e-01 -4.605140054595154298e-01
-1.791014494346692132e-01 2.158782300900946027e-01 9.598537704169156637e-01 -3.274964515393217201e-01 9.547948880871479638e-01 -1.971363269349915015e-01 2.224949219313351323e-01 -2.003919894511979882e-01 2.372538566452638276e-01 9.563126363150015186e-01 -1.708120286490397710e-01 -3.999596486458840139e-01
-2.248803101923340098e-01 2.884854421034647176e-01 9.307013461804856114e-01 -3.031899564389680668e-01 9.244341380461768010e-01 -2.387362032372788434e-01 2.973660197108450864e-01 -1.904472160295971050e-01 3.079778733977840965e-01 9.272438594880082485e-01 -2.129987195716473991e-01 -3.760407938014285745e-01
-2.920213971107834539e-01 4.447231888657923737e-01 8.467259231383592599e-01 -2.584875419340084135e-01 8.322497467970202401e-01 -3.180665704121168336e-01 4.540859122925631763e-01 -1.228137353777613849e-01 4.712577453854330245e-01 8.372902376543718272e-01 -2.772385170623370421e-01 -3.136258475481090158e-01
-3.308423875348955878e-01 6.855563253154760561e-01 6.485027674807187781e-01 -2.754703265331705508e-01 6.254696705814685176e-01 -3.552779112666915040e-01 6.946691996545450998e-01 -1.125241064838032184e-01 7.066335725062314888e-01 6.354448289080005807e-01 -3.112536965582299864e-01 -3.072935906846056553e-01
1.849066139570920697e-02 -1.933485420487224271e-02 9.996420653684126023e-01 -2.819691123056611293e-01 9.997265087683732121e-01 -1.396016125693533283e-02 -1.876223769916846029e-02 -1.344888285501083525e-01 1.431792956222960322e-02 9.997155982130900842e-01 1.907143367695107727e-02 -3.650593419780431281e-01
4.540728163716565291e-01 -2.942465455239017813e-01 8.409737498159870484e-01 -2.670316139557826207e-01 8.479423615483845378e-01 4.324843059737859541e-01 -3.065143986473090609e-01 -1.040052835843936763e-01 -2.735171455760327386e-01 8.522771236714166143e-01 4.458834775390496663e-01 -3.607880439244146586e-01
2.552598289404932608e-01 -1.982747520010976761e-01 9.463242269160042630e-01 -3.301517630740930520e-01 9.503125063226882663e-01 2.318188089146968611e-01 -2.077647230885496521e-01 -1.510607676046544501e-01 -1.781812561858303612e-01 9.523377355498806596e-01 2.475970060234270465e-01 -3.920082260318094591e-01
-3.294636641900035023e-01 7.050000605834613188e-01 6.280355153618404351e-01 -2.697217780430957168e-01 6.043430688615626378e-01 -3.535941770074666479e-01 7.139612126056997798e-01 -1.052657957421311297e-01 7.254123993270897852e-01 6.147731879024396218e-01 -3.095654669674678949e-01 -2.992004668814510215e-01
9.129567143402224083e-01 -2.387017916592033551e-01 3.309554235841916103e-01 -1.765913514210883384e-01 3.326161616240884689e-01 9.051534632148067194e-01 -2.646954798569478018e-01 -3.130380699864362959e-02 -2.363821625410083005e-01 3.517366382521557866e-01 9.057620054647403940e-01 -2.208924529182472174e-01
-1.222281216485689992e-01 9.824847201494975035e-01 1.406558244475721864e-01 -3.322234082402379385e-01 1.195508094168313828e-01 -1.261122956581610666e-01 9.847859121918880465e-01 -2.096257628289292241e-01 9.852755402657893402e-01 1.371840499350860387e-01 -1.020423745184553255e-01 -3.756862289510874975e-01
-1.498249434925564838e-01 9.728486627868559999e-01 1.764028503774192069e-01 -3.293113043379717886e-01 1.580664094348679938e-01 -1.525535770165622473e-01 9.755728657295775763e-01 -2.282179288205381518e-01 9.759956436971534144e-01 1.740485146540403649e-01 -1.309183639941371435e-01 -3.737834400186599293e-01
-3.151568111753597634e-01 7.984363161532883613e-01 5.130064652783092871e-01 -3.000256861812160003e-01 4.961710315833216534e-01 -3.221717379697239814e-01 8.062379789312273948e-01 -1.957566745699918231e-01 8.090058663491392910e-01 5.086303375744846145e-01 -2.946263530500026206e-01 -3.693737777556203583e-01
9.950552543493925706e-01 -6.425971750778781966e-02 7.573459907786482537e-02 -3.152343603255765014e-01 7.109686814450420778e-02 9.932786412367519135e-01 -9.133879900083412273e-02 -1.250162590407981611e-01 -6.935615424537754092e-02 9.627164467635888900e-02 9.929357956583095834e-01 -3.687033766449092642e-01
8.844435426101724396e-01 -2.626961991592146606e-01 3.856816392861740495e-01 -2.830657604342914357e-01 3.865346027648641214e-01 8.754600800422325246e-01 -2.901045485990466077e-01 -9.580304226631991549e-02 -2.614395165245241293e-01 4.056603939254485591e-01 8.758361855961838138e-01 -3.389584032971161842e-01
8.835720029279695575e-01 -2.632851899136536833e-01 3.872743528998370266e-01 -2.259028700036466719e-01 3.896964745109571249e-01 8.719798804469354181e-01 -2.962899692015898978e-01 -5.965858316654168436e-02 -2.596866831310130630e-01 4.127129715284939548e-01 8.730583197796888406e-01 -2.705379981277354906e-01
5.507745341754444190e-01 -3.172453155130291469e-01 7.720121905053448641e-01 -2.006542776317683519e-01 7.767619262551440640e-01 5.332982572350544181e-01 -3.350132516042489406e-01 -1.295868081615349568e-02 -3.054313710544814819e-01 7.841864437843160118e-01 5.401511815785349224e-01 -2.450859176958925523e-01
3.331827232930517635e-01 9.115816113506742813e-01 -2.408489957345350541e-01 -1.830941027657237430e-01 -2.612909687037028306e-01 3.347097981526667709e-01 9.053708525761592352e-01 -7.154507709992530273e-02 9.059339394088878894e-01 -2.387222588446861749e-01 3.497075643436732273e-01 -2.172289246518245565e-01
4.113795290130461968e-02 -3.130362631167493692e-02 9.986629820969781246e-01 -2.263084568059495205e-01 9.990328910690736697e-01 1.681683644357623297e-02 -4.062605782251749176e-02 -1.504041815593840092e-03 -1.552260909958652624e-02 9.993684390612749269e-01 3.196516252066317065e-02 -2.081978914571258332e-01
4.657205766897142274e-01 8.341002529826784251e-01 -2.956029641631354177e-01 -1.701728118245156851e-01 -3.151385901746093232e-01 4.684652395536705871e-01 8.253653665575517717e-01 -5.577336351127246128e-02 8.269171744682533021e-01 -2.912337331150944286e-01 4.810310793132668294e-01 -2.067794171698366379e-01
