1.000000000000000000e+00 0.000000000000000000e+00 0.000000000000000000e+00 0.000000000000000000e+00 0.000000000000000000e+00 1.000000000000000000e+00 0.000000000000000000e+00 0.000000000000000000e+00 0.000000000000000000e+00 0.000000000000000000e+00 1.000000000000000000e+00 0.000000000000000000e+00
9.999845433293242936e-01 1.039190967530932274e-03 5.461976251840342314e-03 1.070967885557121413e+00 -1.017315270455027704e-03 9.999914571110780637e-01 -4.006341785656054172e-03 -1.661351158834267067e-03 -5.466092944980424292e-03 4.000723309102598851e-03 9.999770577572871799e-01 1.146583973008515923e-02
9.994040015574536806e-01 1.485423303536912007e-03 -3.448818911683202565e-02 2.210963809962675608e+00 -1.836751023582119729e-03 9.999467248293283372e-01 -1.015745286854891939e-02 1.456276592088815575e-02 3.447126363547515365e-02 1.021474525912086269e-02 9.993534864914740412e-01 -6.744987239736137397e-02
9.999981174683406637e-01 1.634254701996285222e-05 -1.940307371502517390e-03 3.375780336339499588e+00 -1.613967234727492698e-05 9.999999944019345444e-01 1.045736194303675164e-04 5.965434277817944358e-03 1.940309069639842158e-03 -1.045421066419891605e-04 9.999981121340490997e-01 3.991357260453376465e-02
9.999930316966579857e-01 -2.233535338329145116e-03 2.991300389333475737e-03 4.512102893648348712e+00 2.223607605066684097e-03 9.999920228844516590e-01 3.318092325559862839e-03 5.976320253567976755e-03 -2.998687603849607350e-03 -3.311417725791260952e-03 9.999900211428611740e-01 5.437855081571998928e-02
9.999639073719925886e-01 -2.133252948590260139e-03 -8.223939761115255445e-03 5.530482329122885510e+00 2.122274937630702196e-03 9.999968456339741740e-01 -1.343380508576019327e-03 2.160080760827552682e-02 8.226779590230071451e-03 1.325878561199451446e-03 9.999652804690843944e-01 -3.296542907145016965e-02
9.997922654223340144e-01 -2.280140091996430383e-03 -2.025406040373593092e-02 6.679078252587750342e+00 2.169249860024910492e-03 9.999825481546698036e-01 -5.495247140780626718e-03 2.913473318733067127e-02 2.026623686632757909e-02 5.450169470240925559e-03 9.997797633959308872e-01 -8.792155851250330056e-03
9.999932664179544961e-01 -3.602243972321293990e-03 7.006833191982297102e-04 7.887111634024747353e+00 3.600751020078245181e-03 9.999912691534251774e-01 2.120426611155040546e-03 2.997754230592033706e-02 -7.083154956184551819e-04 -2.117889346912127900e-03 9.999975064138274528e-01 5.523169733103000523e-02
9.998721987511861586e-01 -6.607105205173260595e-03 1.455789563351220228e-02 9.061568844177449122e+00 6.597111917864037500e-03 9.999779691666300652e-01 7.343675683763159403e-04 4.386380175672808385e-02 -1.456242695472281107e-02 -6.382336485011249651e-04 9.998937585458758104e-01 1.046639026566086594e-01
9.999017862476168306e-01 -1.396442858921491219e-02 -1.188525557945784147e-03 1.017689690261003577e+01 1.395598336918183781e-02 9.998792168553559678e-01 -6.839753571516728539e-03 7.456659507268069420e-02 1.283895254408678544e-03 6.822494770732554295e-03 9.999759022986899337e-01 -4.181963225792567629e-02
9.995262647666842692e-01 -2.949113780114214628e-02 8.804477994416925329e-03 1.142081722313282199e+01 2.957898393932775066e-02 9.995122253189087091e-01 -1.001973787881305089e-02 1.053984466222576827e-01 -8.504689922455625078e-03 1.027541868914229328e-02 9.999110390530178138e-01 7.502593491959130834e-02
9.982737037009915548e-01 -5.437661495537541440e-02 2.219901450740248763e-02 1.262463757578099788e+01 5.435710257845636356e-02 9.985204601831264570e-01 1.481888981189582490e-03 1.426511863431862148e-01 -2.224675028808019081e-02 -2.726566930062956050e-04 9.997524732452266472e-01 7.609522815518274252e-02
9.965853607026220473e-01 -8.111267751816225724e-02 1.543866506727027167e-02 1.371856427585348470e+01 8.120638482180006501e-02 9.966819013492050905e-01 -5.541713372877359392e-03 2.331824308156198178e-01 -1.493793484382819996e-02 6.776508597207159257e-03 9.998654594663392015e-01 -4.746921732510001046e-02
9.932700383262209609e-01 -1.158140213013137965e-01 1.320391398922852403e-03 1.496606798878863920e+01 1.158215122250690898e-01 9.931962341565737651e-01 -1.210858220843420534e-02 3.533782272893036813e-01 9.093583279340064236e-05 1.218002164279985942e-02 9.999258166501429068e-01 -1.927908339735939780e-03
9.866918651628855397e-01 -1.602722787317020225e-01 2.742188708921699039e-02 1.616882390876277853e+01 1.600903876331536413e-01 9.870638520185600617e-01 8.718934897608348125e-03 5.206072096915608238e-01 -2.846455706405359373e-02 -4.212921602609635482e-03 9.995859244120625098e-01 1.389360191111943532e-02
9.785049845671618396e-01 -2.043215506553164307e-01 2.794099345093720502e-02 1.727584955330207706e+01 2.041470762620385959e-01 9.788989391988053290e-01 8.991000451292774712e-03 7.213271761238869706e-01 -2.918846400343398304e-02 -3.093666636969986863e-03 9.995691385771469095e-01 -6.066995536313052328e-02
9.679368567519975874e-01 -2.511934706386604876e-01 -2.857438840342108304e-04 1.851633384136735572e+01 2.511771187738073285e-01 9.678856385948640950e-01 -1.036559724766807772e-02 1.021879884436250441e+00 2.880337749557320033e-03 9.961471292766047037e-03 9.999462349267244088e-01 -1.148799536743785321e-01
9.502383834214870317e-01 -3.095908261813123397e-01 3.464873759448337115e-02 1.971339661680648092e+01 3.093220011369304800e-01 9.508684652443180063e-01 1.300236196081351256e-02 1.361282253397919195e+00 -3.697180392087622697e-02 -1.637726560710481456e-03 9.993149671482702834e-01 -7.501529167503440121e-02
9.298124639036069450e-01 -3.662586083961457128e-01 3.610282184570223069e-02 2.080932709305466943e+01 3.658300380283606157e-01 9.305061420970268671e-01 1.807492173913591640e-02 1.761287576869317695e+00 -4.021399315750581044e-02 -3.598790828386455067e-03 9.991846092984527639e-01 -9.873173781725652631e-02
9.076142071348971552e-01 -4.185216560929446161e-01 3.280357279490953015e-02 2.181448425367784694e+01 4.182837159813548866e-01 9.082063825912961574e-01 1.413858427359213250e-02 2.186245806524779400e+00 -3.570971788912848111e-02 8.888203706333853288e-04 9.993618093796798885e-01 -1.365445461140934458e-01
8.828554099792016441e-01 -4.689720807424735405e-01 2.512991354005445280e-02 2.275623356470740788e+01 4.688033543317710050e-01 8.832127441179431493e-01 1.259617382115042414e-02 2.642234115553562912e+00 -2.810231374345693520e-02 6.603875586038698842e-04 9.996048338471241745e-01 -1.892349972841134154e-01
8.564214113820284302e-01 -5.155772067905802780e-01 2.687954546560707841e-02 2.367134006253447964e+01 5.154273906276517492e-01 8.568381489280246788e-01 1.276681371237321089e-02 3.151321926605806567e+00 -2.961369813421850516e-02 2.920681362193079840e-03 9.995571511940655185e-01 -2.288563548235912626e-01
8.287164302350407130e-01 -5.588663842585174235e-01 2.995734975430970962e-02 2.455009316262941610e+01 5.584914870259219954e-01 8.292576867229068949e-01 2.046821757133561459e-02 3.711506694805863038e+00 -3.628136130391690362e-02 -2.314233873513139167e-04 9.993415878793149298e-01 -2.316350715541754257e-01
8.027892742290383410e-01 -5.958792455133101740e-01 2.138471298152837610e-02 2.542103412660705075e+01 5.958116979005694258e-01 8.030606740203314331e-01 1.009824177031294103e-02 4.322804054097026949e+00 -2.319055470778257425e-02 4.634501968861882287e-03 9.997203206716596124e-01 -3.108516521685756318e-01
7.778140748004245264e-01 -6.279573844614351197e-01 2.597668844777955427e-02 2.627540357183182351e+01 6.277914703501946692e-01 7.782344905683772351e-01 1.513100939524759936e-02 4.996715976158871086e+00 -2.971758398491225472e-02 4.538831361899400320e-03 9.995480299675287839e-01 -3.217445311087153703e-01
7.553972554808223716e-01 -6.548740683297215037e-01 2.269231238372271600e-02 2.713041272810819393e+01 6.547555774025325404e-01 7.557229086505692361e-01 1.334238363260064134e-02 5.712471726299971131e+00 -2.588668136933133454e-02 4.779118119764234722e-03 9.996534598337966093e-01 -3.650335835396695261e-01
7.370621484544989110e-01 -6.754861242596307269e-01 2.139825339463433812e-02 2.798162055922916736e+01 6.753073646795301199e-01 7.373673396084102771e-01 1.579144351867331139e-02 6.459826641407257597e+00 -2.644527415676165699e-02 2.811122821604104295e-03 9.996463099833138299e-01 -3.923905103788344895e-01
7.231646279510994813e-01 -6.903425242687749597e-01 2.145040947310168991e-02 2.881847633786310325e+01 6.901911175204130666e-01 7.234718289399616475e-01 1.499113158471725160e-02 7.236538590788060610e+00 -2.586778259285502438e-02 3.963825990482477100e-03 9.996575143053975099e-01 -4.252512570694963467e-01
7.135807993408336269e-01 -7.002247696969082780e-01 2.208426396800913794e-02 2.963592466024093852e+01 7.000247612373430295e-01 7.139148778115155247e-01 1.705523069236578385e-02 8.029382679248918464e+00 -2.770877959596797224e-02 3.289246460907355694e-03 9.996106263896065158e-01 -4.617426454282983483e-01
7.084839235116011658e-01 -7.053161444911286715e-01 2.407626311903337743e-02 3.042035211452013854e+01 7.049504474254644215e-01 7.088923593829434822e-01 2.272640497573923113e-02 8.818283856213176009e+00 -3.309677930320851363e-02 8.712798935704754028e-04 9.994517717584484595e-01 -4.805939336688618280e-01
7.057126283061561089e-01 -7.079648589198951347e-01 2.748535580541610832e-02 3.112568611164767063e+01 7.074987783158167565e-01 7.062464708090880894e-01 2.571772057035019016e-02 9.515853483540409385e+00 -3.761867795183646002e-02 1.296535476162310671e-03 9.992913259229838641e-01 -4.799784993417833823e-01
7.055798013472160957e-01 -7.081774119645020127e-01 2.533568854566767975e-02 3.175986602723017427e+01 7.079490591098086538e-01 7.060181875854902867e-01 1.861312719658297227e-02 1.015987453421126396e+01 -3.106885315488498028e-02 4.803330277989112385e-03 9.995057050271802801e-01 -5.110468559552365786e-01
7.065078822732971942e-01 -7.074600252556009217e-01 1.862592148177771162e-02 3.238919425051044954e+01 7.073414525615409065e-01 7.067438584599716744e-01 1.346060983911882836e-02 1.078698650373298307e+01 -2.268659899214284931e-02 3.664859404674905043e-03 9.997359086437346276e-01 -5.692501371793471376e-01
7.081069098010307483e-01 -7.058419660262584827e-01 1.928012676880523288e-02 3.304538528721581514e+01 7.057980054072114928e-01 7.083402959018583189e-01 1.015877772518545934e-02 1.144250911075404531e+01 -2.082738234240950545e-02 6.414374315084297659e-03 9.997625097726504650e-01 -5.973742574831759633e-01
7.108019585321786460e-01 -7.031658533440564574e-01 1.784260176498711839e-02 3.374152988728904035e+01 7.030987445894313348e-01 7.110094425548572072e-01 1.085025136099770915e-02 1.212876514793660654e+01 -2.031578459190526778e-02 4.832730983208004087e-03 9.997819330272272875e-01 -6.284505563508971937e-01
7.163327150100540219e-01 -6.974327973499504507e-01 2.132919564699244444e-02 3.445586020905989244e+01 6.973391523490620747e-01 7.166273680906747323e-01 1.277974587087185587e-02 1.283916391004824220e+01 -2.419809925213891114e-02 5.719133155940850886e-03 9.996908239593520484e-01 -6.593541534632965107e-01
7.217517859605728781e-01 -6.917157327884497775e-01 2.457039836188011639e-02 3.517726678706920751e+01 6.916175896336158591e-01 7.221346594258444274e-01 1.366174825222183156e-02 1.353448271517514989e+01 -2.719318245647057292e-02 7.132928490996427728e-03 9.996047479674310399e-01 -6.668149634390869718e-01
7.261283801304603269e-01 -6.870840037081268337e-01 2.555674896234531174e-02 3.590189543291310059e+01 6.869521348007919803e-01 7.265475250308573996e-01 1.501527103218721140e-02 1.424731894992641124e+01 -2.888494524398476510e-02 6.653248826429112271e-03 9.995606005732247112e-01 -6.897614471482063081e-01
7.294111420162381343e-01 -6.838675945582533000e-01 1.686709861463041998e-02 3.658936658015719701e+01 6.835309337001895802e-01 7.295925365391435768e-01 2.191331333517633484e-02 1.486743682002317257e+01 -2.729191414163241458e-02 -4.454631240299126646e-03 9.996175807192462237e-01 -6.658572216286693379e-01
7.311472103588755322e-01 -6.820551805520853605e-01 1.498290580950450979e-02 3.725440596806164706e+01 6.820278971662359080e-01 7.312861020009748803e-01 7.654051686655607631e-03 1.551888935049775320e+01 -1.617727639117719912e-02 4.622521204055244151e-03 9.998584539955051032e-01 -7.457176213516331087e-01
