1.000000000000000000e+00 0.000000000000000000e+00 0.000000000000000000e+00 0.000000000000000000e+00 0.000000000000000000e+00 1.000000000000000000e+00 0.000000000000000000e+00 0.000000000000000000e+00 0.000000000000000000e+00 0.000000000000000000e+00 1.000000000000000000e+00 0.000000000000000000e+00
2.778966737090252659e-01 9.364743742802247306e-01 -2.139840766457203891e-01 7.724520326764744427e-02 -2.141656578442211467e-01 2.775511829124588381e-01 9.365353233402610167e-01 6.508212060396600940e-02 9.364328645138486618e-01 -2.144320106242462165e-01 2.776912009373571077e-01 1.174691302661573927e-01
9.768540459929579978e-01 -1.675136866307598282e-01 1.330238235000010261e-01 3.851259112549291763e-01 1.797762650471946277e-01 9.799250399836223480e-01 -8.618242592766156562e-02 -1.095429997494001551e-01 -1.159166396720878733e-01 1.081021776120520417e-01 9.873587250045768871e-01 2.468373962463557003e-01
1.301475045509019601e-01 9.852741611434666646e-01 -1.108893793030309438e-01 -1.077561749376843986e-01 -1.179436774308374458e-01 1.264311329726086619e-01 9.849388090482339431e-01 -6.360264644086688346e-02 9.844546287225550696e-01 -1.151086269499427273e-01 1.326615542967719552e-01 -5.113126540966322908e-02
-1.187263711628667728e-01 9.830141018319452639e-01 1.399547226428303759e-01 -6.275833677048564541e-02 1.345677507992338873e-01 -1.237213076381413757e-01 9.831503234404921354e-01 -1.950345520295546434e-02 9.837660134581458493e-01 1.355592624494646459e-01 -1.175930147960528860e-01 5.638422172604240501e-03
-1.551460862728633039e-01 1.829710745439461772e-01 9.707992984105662249e-01 6.879376464451270046e-02 9.711758558728338375e-01 -1.517614607042703234e-01 1.838094557267816453e-01 9.340233521138111006e-02 1.809617332031352444e-01 9.713341571905832472e-01 -1.541518932448688872e-01 1.199468770729210376e-01
6.468917737315629246e-01 6.815776255797612038e-01 -3.420277377457673351e-01 1.674927212365427409e-01 -3.214218738689040844e-01 6.504225304004569441e-01 6.882140008355461802e-01 1.520218442125317593e-01 6.915338112319852071e-01 -3.352647793260152831e-01 6.398269419666879898e-01 1.905966104935601646e-01
8.938334786319308556e-01 3.602377381717265514e-01 -2.670027798987495427e-01 1.096344498657091659e-01 -2.486909570717632523e-01 8.937518455593893574e-01 3.733101209851079627e-01 9.608937263343805824e-02 3.731146209242837131e-01 -2.672759071747846660e-01 8.884531890293511092e-01 1.267361390538098709e-01
-1.041974058677643811e-01 1.195020169011671851e-01 9.873510867806760682e-01 1.750356690985574448e-02 9.873276852612760113e-01 -1.070494317946972807e-01 1.171514450147495556e-01 7.722014433436898140e-02 1.196952067838967793e-01 9.870459397155668668e-01 -1.068333766384579331e-01 8.282717211960900772e-02
-3.332315553062539237e-01 7.019783879778130897e-01 6.294307534274492522e-01 -4.020991260522413513e-02 6.265457619238462561e-01 -3.339936260700231418e-01 7.041936281732921188e-01 6.015180466916344310e-03 7.045545676265554391e-01 6.290267089374415033e-01 -3.285243684719434398e-01 1.610904729078045140e-03
9.215641361671120801e-01 -2.290421660596813347e-01 3.134632818963873357e-01 -9.498989182327377545e-02 3.092856110437445238e-01 9.211688059433684739e-01 -2.362000037217748261e-01 -2.479775363677023947e-02 -2.346528366158445178e-01 3.146231350736277133e-01 9.197555811978417317e-01 -5.792561761229707284e-02
6.917701912805798159e-01 -3.320784117140372915e-01 6.412315735591255228e-01 -1.028269484219584418e-01 6.393556783876801486e-01 6.944428913231306399e-01 -3.301111740068790601e-01 -9.010517980155108297e-02 -3.356759135968192531e-01 6.383361177030898448e-01 6.927111099633727065e-01 -5.960358225852434300e-02
9.628998546660738622e-01 -1.674235625472046962e-01 2.116440894238630910e-01 -1.784396934517869793e-01 2.056974368112451934e-01 9.630153637101688258e-01 -1.740401498145038306e-01 -1.084936045121853154e-01 -1.746780878454355923e-01 2.111178816731860697e-01 9.617259514354850047e-01 -1.284099701774154834e-01
2.834251217640824105e-01 9.350096318599331324e-01 -2.131365493813006107e-01 -3.067005663869116772e-01 -2.194073608391567953e-01 2.795778687078770419e-01 9.347174039988541683e-01 -2.737908876757330634e-01 9.335580380258161615e-01 -2.181586662452665304e-01 2.843873871666521280e-01 -2.426797913144538577e-01
-3.177129694091542778e-01 7.686930242591010209e-01 5.551301680908860003e-01 -3.231734842333404134e-01 5.523024465504400293e-01 -3.258615326660470046e-01 7.673175803166075726e-01 -2.465973499028613070e-01 7.707272387840049532e-01 5.503864969127897355e-01 -3.210206027850106558e-01 -2.299497621037557282e-01
1.432632615246323127e-01 9.827676446096882401e-01 -1.168049425565996779e-01 -3.376784569094026245e-01 -1.290262890050386524e-01 1.355619530322161870e-01 9.823314988514211255e-01 -2.643110235136498787e-01 9.812379194889041534e-01 -1.256611061483103864e-01 1.462239096682549366e-01 -2.574981822363787143e-01
-3.084835910628309641e-01 7.918573080732919101e-01 5.270672421009483521e-01 -3.709342156345061259e-01 5.205564211438359346e-01 -3.232258793593727475e-01 7.902822554747648276e-01 -2.459828725153996032e-01 7.961525522479351302e-01 5.181573453723105072e-01 -3.124965263580041785e-01 -2.637169396888096040e-01
5.607246221439474709e-01 -3.195355285802500833e-01 7.638618619203786375e-01 -2.988467265658722449e-01 7.625375748133205178e-01 5.588054047747419428e-01 -3.259953475010901602e-01 -2.230732227047190486e-01 -3.226830412639422052e-01 7.652669897293866708e-01 5.569937964745891312e-01 -2.473214238638683504e-01
-3.002628101373256975e-01 8.217612675256045218e-01 4.843043093377850106e-01 -3.071143844227502973e-01 4.763228246020356771e-01 -3.107192716375966057e-01 8.225388142793873536e-01 -2.159164102805753993e-01 8.264132208596226548e-01 4.776630124132640320e-01 -2.981262064306176018e-01 -2.444253308256713608e-01
5.461286533721332326e-02 -5.084666476816973590e-02 9.972121397283595368e-01 -2.826598524366197851e-01 9.970128246045089071e-01 5.740312350342913206e-02 -5.167503252238114797e-02 -2.535855029986885945e-01 -5.461558856039627763e-02 9.970554137529186178e-01 5.382972591605938995e-02 -2.156596144813286708e-01
-1.632437260419132841e-01 9.651170920053047109e-01 2.046960786805080978e-01 -2.949311642890794505e-01 2.042957617832152906e-01 -1.699143549137174247e-01 9.640499746961621597e-01 -2.581554736401718286e-01 9.652019102889137780e-01 1.991936512880852495e-01 -1.694318791171016692e-01 -1.783603687235747470e-01
4.448987301920916959e-01 8.481029684495728915e-01 -2.877263887454317159e-01 -2.558789349344994801e-01 -2.977762132057324984e-01 4.430791389145309900e-01 8.455827597033964693e-01 -2.202494898878649965e-01 8.446268091425457314e-01 -2.905206215843906814e-01 4.496702366311349230e-01 -2.152994330051047900e-01
5.156317452781670196e-01 7.990149520461709010e-01 -3.093525653167380485e-01 -2.527216660483522781e-01 -3.203218853290048518e-01 5.146384592032948735e-01 7.953245539326260216e-01 -2.110930762375360092e-01 7.946809378868121554e-01 -3.110021908532379920e-01 5.213059027517554789e-01 -2.217743784523696915e-01
8.567564561045870608e-01 4.327974424572014200e-01 -2.804545394990319851e-01 -2.793364269944251799e-01 -2.907973306693381055e-01 8.545323770119448437e-01 4.303618583400519171e-01 -2.192918412401501094e-01 4.259169959026010144e-01 -2.871598691335902620e-01 8.579824719424535839e-01 -2.084376006022392036e-01
-9.172561704464565757e-02 9.900452761840743410e-01 1.067556194463725738e-01 -2.783705128638132575e-01 9.750064650036421865e-02 -9.776302599089170542e-02 9.904221396359811358e-01 -2.108830242184180082e-01 9.909995131733364548e-01 1.012558238063567262e-01 -8.756268060941252429e-02 -2.214162869330564831e-01
-1.165006493117632935e-01 9.833320162172234369e-01 1.395913485575226987e-01 -2.964906510876897938e-01 1.322567286762652006e-01 -1.239370427468335922e-01 9.834367123282627965e-01 -2.340684176215708512e-01 9.843453440890501671e-01 1.330329106549945073e-01 -1.156135297137403928e-01 -2.149245083014444391e-01
9.430710352506777028e-01 -2.088120619515042575e-01 2.588716771969777897e-01 -2.788755235225199858e-01 2.628172888192822909e-01 9.448760115231387147e-01 -1.952854207200508951e-01 -2.289894130118028115e-01 -2.038236864765650413e-01 2.522039762408326835e-01 9.459646183655160412e-01 -2.172082619016967031e-01
5.033877192576878823e-01 8.076686976283118380e-01 -3.070375856013882743e-01 -2.558953906766869846e-01 -3.125348582486983662e-01 5.014779783005931524e-01 8.067476678980955995e-01 -2.409094540854726241e-01 8.055574259356121924e-01 -3.101469202667285763e-01 5.048624776798671387e-01 -2.102989700198819034e-01
-7.364013422645365736e-02 9.936299151915053418e-01 8.530370606035830860e-02 -2.720298230436152820e-01 7.607348736469926598e-02 -7.969000160605510530e-02 9.939126360823672401e-01 -2.045124419848936004e-01 9.943791807712403230e-01 7.968121033561870181e-02 -6.972051038373194842e-02 -2.130232584010381125e-01
-2.108262259621782597e-01 9.374932705596391580e-01 2.768730216217100693e-01 -2.862967220082860420e-01 2.715626871831572364e-01 -2.159195595427914061e-01 9.378872270890088458e-01 -2.358232905397524559e-01 9.390452648176270678e-01 2.729196062254200528e-01 -2.090666859194798555e-01 -2.234527306734043206e-01
8.485311143801037570e-01 4.438075330339362190e-01 -2.881489572273184252e-01 -2.873343931629356307e-01 -2.921098050175165439e-01 8.469381550773382727e-01 4.442607604626174211e-01 -2.826578497289768954e-01 4.412106183462585762e-01 -2.927979424390244612e-01 8.482939084786509376e-01 -2.382906436613806966e-01
8.226991706447348562e-01 4.814530524599018868e-01 -3.022731097823759816e-01 -2.802923694145030287e-01 -3.043816815563075151e-01 8.221502008953368579e-01 4.810621987858866300e-01 -2.858587913892496335e-01 4.801227619613758213e-01 -3.037630745248676156e-01 8.229277781201578268e-01 -2.555516580076517830e-01
-2.922530473748028434e-01 8.490605219069068399e-01 4.400958832337710236e-01 -2.968857087084725843e-01 4.385041879855741120e-01 -2.899880544339616950e-01 8.506591593609738045e-01 -2.915511409872381665e-01 8.498836587552759392e-01 4.415916195137509770e-01 -2.875667020987808797e-01 -2.730753897249789119e-01
7.967542986362974311e-01 -3.096277751102405329e-01 5.189539753050014248e-01 -3.412323262755815878e-01 5.154473407588414657e-01 7.964606059744356870e-01 -3.161716970816228489e-01 -2.737597869567797160e-01 -3.154308585240519491e-01 5.194046053041088129e-01 7.941802248102520778e-01 -2.846285534537738027e-01
6.892091290391872960e-01 6.462890013205281337e-01 -3.275687763221020177e-01 -3.449560606136709007e-01 -3.372741131975091067e-01 6.862862359430903503e-01 6.444046670547155520e-01 -2.870411185408486276e-01 6.412775912316590610e-01 -3.336491107843377879e-01 6.909712887356043165e-01 -2.850670265362302280e-01
9.836104030844616819e-01 -1.145761952761149838e-01 1.392223775837501676e-01 -3.334954842374149298e-01 1.321782784038755543e-01 9.833687926417578051e-01 -1.245581004049080565e-01 -2.430318165081218340e-01 -1.226355481180326362e-01 1.409188175310208679e-01 9.823962587487029552e-01 -2.936930390530223534e-01
4.805869279384828996e-01 -2.988365296787331427e-01 8.244591762023292247e-01 -3.168393420811510541e-01 8.232191808609561345e-01 4.777527504119720714e-01 -3.066960869271277978e-01 -2.291330860509646072e-01 -3.022356447497017151e-01 8.261047379136423618e-01 4.756096898081079161e-01 -2.569602506157165900e-01
-5.900730524457253878e-02 9.960010701485374485e-01 6.708208546804284023e-02 -2.718139408529124945e-01 6.495923320854213312e-02 -6.322566962439601923e-02 9.958829312331367589e-01 -2.486344374301100446e-01 9.961417750243847236e-01 6.312196894516719503e-02 -6.096868940491706468e-02 -1.903701206787307421e-01
9.915629349083573407e-01 1.004224272998979206e-01 -8.196512801869713927e-02 -2.035151304853748122e-01 -9.253136162168090761e-02 9.911694682191007910e-01 9.497911552916556144e-02 -1.252663157633876756e-01 9.077936567503878951e-02 -8.659342564803391984e-02 9.920991308343012349e-01 -1.312830219018301936e-01
9.887505880580752526e-01 1.123082872991966880e-01 -9.878827470267642630e-02 -5.934835288088613492e-02 -1.009289363413648083e-01 9.883989690566340469e-01 1.134937345265531472e-01 -6.458947947860287087e-02 1.103885158148758261e-01 -1.022464012652967991e-01 9.886152178701705928e-01 -3.173483333381055260e-02
