1.000000000000000000e+00 0.000000000000000000e+00 0.000000000000000000e+00 0.000000000000000000e+00 0.000000000000000000e+00 1.000000000000000000e+00 0.000000000000000000e+00 0.000000000000000000e+00 0.000000000000000000e+00 0.000000000000000000e+00 1.000000000000000000e+00 0.000000000000000000e+00
2.778948091603673509e-01 9.364729101725255411e-01 -2.139929053840903261e-01 7.938897248285745056e-02 -2.141587065308802607e-01 2.775578675261947126e-01 9.365349318585676208e-01 6.707536345869978545e-02 9.364350075999634537e-01 -2.144297523370126135e-01 2.776857177709075586e-01 1.195450735697254074e-01
9.769647796512657134e-01 -1.671134517610146364e-01 1.327136525059610106e-01 3.891675930341510492e-01 1.793191634511119015e-01 9.800249610294922142e-01 -8.599833357882978591e-02 -1.099495489955171490e-01 -1.156912137551825981e-01 1.078154441611279685e-01 9.874165144761309909e-01 2.499018932916748370e-01
9.996671132459060694e-01 1.696802389356072069e-02 -1.943576239164231112e-02 1.665634285985673479e-01 -1.637890604725370305e-02 9.994133098208860533e-01 3.007935487268397629e-02 1.442930511153392992e-01 1.993474683290613614e-02 -2.975100532770571377e-02 9.993585360373417048e-01 1.625309580607923188e-01
-2.277483660682602107e-01 2.961517082890372521e-01 9.275908836500728061e-01 1.959664776490783467e-01 9.309281683990835443e-01 -2.130790732910232688e-01 2.965974608902888221e-01 2.151530813451469348e-01 2.854880505982087535e-01 9.310700694378075681e-01 -2.271675565804034402e-01 2.460984265613540556e-01
-1.993971619088541480e-01 2.487973745575849938e-01 9.478083341245460147e-01 1.490365542826950218e-01 9.497068020864717353e-01 -1.892579326184349320e-01 2.494763015031348785e-01 1.701775835729757158e-01 2.414492946632509351e-01 9.498848884755712874e-01 -1.985470643257412071e-01 1.820239140950386247e-01
5.139127997777921397e-01 7.980254262431359935e-01 -3.147205955987184556e-01 2.192053495455820455e-01 -3.034943527889787385e-01 5.122854281783127961e-01 8.034020275686150070e-01 1.769188811354880375e-01 8.023620205678667627e-01 -3.173626618643469177e-01 5.054662489272913062e-01 2.379707071558213594e-01
8.938299870805174185e-01 3.642360250924232545e-01 -2.615340746834219354e-01 1.352116347890865711e-01 -2.538757581261257279e-01 8.918374427042883301e-01 3.743969487409856134e-01 8.885690555886618935e-02 3.696147367618436430e-01 -2.682500583700717645e-01 8.896217468974811915e-01 1.237347074969343819e-01
5.392388718554156357e-01 -3.202261900259732452e-01 7.788944898389948968e-01 8.884622090698537228e-03 7.775103052631509026e-01 5.446649815077539980e-01 -3.143529594719287612e-01 2.625763011909250377e-02 -3.235725023695628089e-01 7.751098277925569935e-01 5.426836929277422117e-01 4.777150454882780894e-02
8.789658896760690343e-01 3.938758432465079840e-01 -2.688508599443353297e-01 -5.831457324825555649e-02 -2.726161101677391785e-01 8.775714256202575836e-01 3.943968171928368127e-01 -3.212215789771228486e-02 3.912792113861499610e-01 -2.733682736560354432e-01 8.787322491495070942e-01 -1.719900610761451731e-02
9.259511541006966162e-01 3.023123601858356824e-01 -2.263221091684536335e-01 -6.249721089873947616e-02 -2.289924537231101120e-01 9.260238022264040136e-01 3.000706147692956405e-01 -3.193932860752578262e-02 3.002947158333911792e-01 -2.260246769470610761e-01 9.266800575460332201e-01 -5.537519394863957278e-02
5.949345713589071494e-03 9.999822965968214739e-01 1.085289222774732387e-04 -1.100994657941926080e-01 -4.003566602112762496e-03 -8.471094997308803443e-05 9.999919821071154846e-01 -5.319747635494258275e-02 9.999742880394688616e-01 -5.949732515141192835e-03 4.002991750631790246e-03 -3.412719429673105598e-02
4.695889684391445495e-01 8.300366134033174692e-01 -3.008744275112318900e-01 -1.082774581581518181e-01 -3.004140278877640013e-01 4.706704857986405699e-01 8.295906856072585711e-01 -1.150685211787464551e-01 8.302033561534847284e-01 -2.991797356239609407e-01 4.703763102277440655e-01 -1.006577784010664611e-01
1.073726538128679797e-01 9.897687891775091007e-01 -9.396199861257609198e-02 -2.667202681848307999e-01 -9.733701781753473226e-02 1.045193987159167559e-01 9.897480488763048534e-01 -2.335303683989543577e-01 9.894425795242345334e-01 -9.712589388083364694e-02 1.075636674824640426e-01 -2.080131995477352003e-01
-3.285163991250452664e-01 6.179178620492195018e-01 7.143210001577977586e-01 -2.748053917531017021e-01 7.129831463958061777e-01 -3.337842134136026484e-01 6.166385747189351285e-01 -1.987865756919757199e-01 6.194610629098902255e-01 7.118747183573701509e-01 -3.309114336226002262e-01 -1.963978281643763979e-01
-2.105393186819570772e-02 9.994122905370885768e-01 2.705190337665425160e-02 -2.461368223009634537e-01 1.925896097290763498e-02 -2.664746205291823600e-02 9.994593564464654412e-01 -1.820757151493305470e-01 9.995928292935747361e-01 2.156354074702815371e-02 -1.868660844877578775e-02 -1.796149485395036327e-01
-3.290067755952272854e-01 6.464870378102431925e-01 6.883378905419700322e-01 -2.795918744470444750e-01 6.856678878333801741e-01 -3.376598340814958021e-01 6.448607477914656272e-01 -1.847037316672814899e-01 6.493181725522111369e-01 6.841347428623940630e-01 -3.321830284678357614e-01 -1.915733530524961481e-01
2.346805559380573669e-01 -1.841085351798424918e-01 9.544784355544850829e-01 -2.813629389914088508e-01 9.534370906661137068e-01 2.349384886452952070e-01 -1.891074316234070962e-01 -2.012038134750489538e-01 -1.894274288658888694e-01 9.544149798840111387e-01 2.306714012751935883e-01 -2.026312790192121849e-01
4.710467755119065458e-01 -3.006949359829793056e-01 8.292752804431273717e-01 -1.989193464010053924e-01 8.287103340572965493e-01 4.729723281096371856e-01 -2.992262673449535559e-01 -1.714889699152238878e-01 -3.022484367312416875e-01 8.281785630627864769e-01 4.719810909101962437e-01 -1.652703723752052545e-01
9.486697283044307483e-01 2.503680438831469290e-01 -1.932397195219561492e-01 -1.533002848734602019e-01 -1.984279557501814062e-01 9.469594262761726888e-01 2.527730036287615389e-01 -1.255512633336670902e-01 2.462764563972807685e-01 -2.014539341607119172e-01 9.480317607736408192e-01 -9.080713632430398308e-02
6.616740803500659185e-01 6.724761955454157114e-01 -3.316069628606406750e-01 -1.822284859454271488e-01 -3.302178514344968896e-01 6.584247448321972618e-01 6.763379524961175004e-01 -2.046039923660206705e-01 6.731594031036625125e-01 -3.380127539271553516e-01 6.577262319504226795e-01 -1.174110247065075358e-01
4.409887650038113449e-01 8.502651669972456361e-01 -2.873639763985034179e-01 -2.435033081651617470e-01 -2.937690718359352027e-01 4.392848588091236017e-01 8.489573282878838389e-01 -2.142245251346133750e-01 8.480734883092777565e-01 -2.899619951169373211e-01 4.435012962943161163e-01 -2.007660512939814235e-01
5.102086538942793847e-01 8.030188882282324192e-01 -3.079736914739323872e-01 -2.607892864927811027e-01 -3.202353409121067029e-01 5.097153316056017847e-01 7.985233917407167370e-01 -2.012489986935296904e-01 7.982082785353044052e-01 -3.087894847220108430e-01 5.172162006383992372e-01 -2.367388171974426081e-01
-1.098977355429004987e-01 1.238163263152276539e-01 9.862007934798796560e-01 -2.561910835714527046e-01 9.866721225083165958e-01 -1.062034977530710300e-01 1.232839800215231874e-01 -2.231544998671457503e-01 1.200025432542018988e-01 9.866054603552601998e-01 -1.104945935768302245e-01 -1.769261845569664038e-01
-1.025657899151761754e-01 1.175205725782332844e-01 9.877596740907985673e-01 -2.747918708887291395e-01 9.880757509419288986e-01 -1.025966266126707716e-01 1.148052377212979147e-01 -2.127526240770220289e-01 1.148327877377338102e-01 9.877564716207051232e-01 -1.055963239502024642e-01 -1.875934817671744970e-01
-7.198924803268380579e-02 9.938656862180689222e-01 8.395561878740664952e-02 -2.726427967956838727e-01 7.781654869816734266e-02 -7.832084825141372164e-02 9.938865274657290305e-01 -2.093119992407076746e-01 9.943651909215220908e-01 7.808228023992780376e-02 -7.170093860012505260e-02 -1.926937515998317640e-01
-3.191706552059598856e-01 5.536943118128663244e-01 7.691246335422338154e-01 -2.813852047615830188e-01 7.682931792220544231e-01 -3.239750903912808067e-01 5.520559134424976033e-01 -2.042820186200501875e-01 5.548474417497725186e-01 7.671132575259267394e-01 -3.219962212692797365e-01 -1.954301147861373378e-01
4.671450912238115372e-01 8.328222938802560815e-01 -2.969553679621321773e-01 -2.533864371267057214e-01 -3.000627832443884535e-01 4.652476049667592095e-01 8.327706720246130789e-01 -2.379140195247431422e-01 8.317077550781453166e-01 -2.999194773413739745e-01 4.672371103135420922e-01 -2.060223963526955082e-01
1.419281931879035064e-02 9.998612592607105665e-01 -8.719295233581558779e-03 -2.660799921292238412e-01 -1.153528693933614235e-02 8.883321764797003084e-03 9.998940062574883658e-01 -2.153832607117420750e-01 9.998327365289714219e-01 -1.409073539632593741e-02 1.165976590585660055e-02 -1.725522685343262586e-01
-1.933397247085144599e-01 9.499871304754560208e-01 2.452431503236032762e-01 -2.633030270911210224e-01 2.467650254935495058e-01 -1.948409771646248956e-01 9.492860558391778003e-01 -2.366735107135902738e-01 9.495929512390055560e-01 2.440521369473002689e-01 -1.967530975833735596e-01 -1.735723479698100258e-01
7.633572440100313550e-01 5.605787245362412463e-01 -3.209940990341264566e-01 -2.453156101288007096e-01 -3.229463714484845926e-01 7.615357098283794812e-01 5.619332734626448778e-01 -2.414852798422701952e-01 5.594563067708389070e-01 -3.252919554085331733e-01 7.623606656700133710e-01 -1.994405284460821215e-01
7.326158073386510594e-01 5.961694932334127284e-01 -3.284143939831998260e-01 -2.369806073284139725e-01 -3.282192983461962865e-01 7.321368703038747539e-01 5.968648886764724715e-01 -2.472613819525352752e-01 5.962769247846735343e-01 -3.294807103298509898e-01 7.320493770845445392e-01 -2.154076006698070478e-01
6.572619383158471162e-01 -3.309705534725870812e-01 6.771006108218668995e-01 -2.402973226245183891e-01 6.723343720370098531e-01 6.634452425116821317e-01 -3.283396143723978922e-01 -2.223300198558168517e-01 -3.405484350557133610e-01 6.710431453510755651e-01 6.585801852913888421e-01 -1.452626090308837270e-01
7.965168314441178898e-01 -3.109224606099733612e-01 5.185442707372845961e-01 -1.965937020178996630e-01 5.143895494455319461e-01 7.992045744896072446e-01 -3.109267430378231389e-01 -1.601412910245050836e-01 -3.177488452338504410e-01 5.143921379678400019e-01 7.965151597737667455e-01 -1.306935476789329031e-01
-3.336430459906851720e-01 6.904170345901013972e-01 6.418774308307380050e-01 -1.359907181435939805e-01 6.431398990856159736e-01 -3.311186017540010962e-01 6.904574873057859330e-01 -1.131121664862418941e-01 6.892411682903174519e-01 6.431833252815922775e-01 -3.335593230798867825e-01 -7.644279705408593695e-02
4.951762389056739710e-01 8.130003401070862168e-01 -3.063183628334953945e-01 -6.154156841617995644e-02 -3.076911481804233683e-01 4.938363440928130732e-01 8.132968846518824346e-01 -4.707008460144274098e-02 8.124817842602034546e-01 -3.084738436866352185e-01 4.946890316214316297e-01 -2.037282005434186416e-02
9.580843069649465082e-01 2.247774617264224062e-01 -1.776219396564646391e-01 -3.780795523796677549e-02 -1.830210844669299675e-01 9.572180834799796090e-01 2.241357251744212076e-01 -1.535452032902647618e-02 2.204035920488750799e-01 -1.822323608987753141e-01 9.582346389341243054e-01 7.687519256025558689e-03
8.813642951001779968e-01 3.886456668724531105e-01 -2.686103589659799562e-01 -4.438941078138881891e-02 -2.686987022561009852e-01 8.800185166779576074e-01 3.916228002936173458e-01 -4.917127476949724463e-02 3.885845940441458035e-01 -2.729870984592375760e-01 8.800454859530574270e-01 -1.125936700179915387e-02
1.863645614408659945e-03 -5.164583446111076226e-02 9.986637244877978326e-01 2.507219123199464494e-01 9.975520881526274142e-01 6.990533872440307661e-02 1.753579242478653377e-03 -2.871671941500172909e-01 -6.990249099536521848e-02 9.962158156748177618e-01 5.164968878900311200e-02 1.475758398387767845e-01
-3.652968190865633069e-01 6.597022248336947836e-01 6.567733311536879670e-01 2.331839349748822121e-01 6.816400605050789707e-01 -2.909346182160308381e-01 6.713597216382024557e-01 -2.715786747841708038e-01 6.339756003821211960e-01 6.929285839629980570e-01 -3.434019738544953348e-01 1.285583978292741958e-01
