1.000000000000000000e+00 0.000000000000000000e+00 0.000000000000000000e+00 0.000000000000000000e+00 0.000000000000000000e+00 1.000000000000000000e+00 0.000000000000000000e+00 0.000000000000000000e+00 0.000000000000000000e+00 0.000000000000000000e+00 1.000000000000000000e+00 0.000000000000000000e+00
9.999847157447487866e-01 1.048535098624669374e-03 5.428521994146023703e-03 1.071805893775086282e+00 -1.026964565449707458e-03 9.999915730424356886e-01 -3.974819228143858067e-03 -2.003809551217602871e-03 -5.432643985692938750e-03 3.969183576261445072e-03 9.999773657243761216e-01 1.152279213730971613e-02
9.994036247316239185e-01 1.490676747573152277e-03 -3.449888050539774709e-02 2.211356320912573725e+00 -1.841618791602013050e-03 9.999468623444165427e-01 -1.014302360160997639e-02 1.435547335844671035e-02 3.448192734633442891e-02 1.020050833981539333e-02 9.993532640243346643e-01 -6.717829952355594547e-02
9.999980952065110618e-01 2.186258992793887429e-05 -1.951692951471546179e-03 3.375948498350862970e+00 -2.163701708341603456e-05 9.999999930843461726e-01 1.155990788448005231e-04 5.835080229375934346e-03 1.951695465269570086e-03 -1.155566298386952396e-04 9.999980887639116078e-01 4.011499214797564772e-02
9.999929968530206770e-01 -2.236019250618058538e-03 3.001076944273393075e-03 4.512122129635782741e+00 2.226041173045655280e-03 9.999919976358255802e-01 3.324064531104776316e-03 5.630428930250147568e-03 -3.008485600844616227e-03 -3.317360731350865385e-03 9.999899720158035299e-01 5.468359399461161785e-02
9.999638155331780354e-01 -2.127843913885998049e-03 -8.236498321881439988e-03 5.530771698707427575e+00 2.116950630456328891e-03 9.999968734015858285e-01 -1.331054875223944669e-03 2.132851855505471517e-02 8.239304846674143368e-03 1.313570451397714578e-03 9.999651935884132925e-01 -3.284322885019974603e-02
9.997922370823135729e-01 -2.278221165581770496e-03 -2.025567521124860618e-02 6.679059287701797132e+00 2.167491627132955064e-03 9.999825979781005181e-01 -5.486868051527349008e-03 2.888420773782602452e-02 2.026782302047273540e-02 5.441824077389696701e-03 9.997797767012100989e-01 -8.435459415848917120e-03
9.999932576481400659e-01 -3.605252328476445892e-03 6.977205089685038254e-04 7.887448367078538247e+00 3.603757407734119438e-03 9.999912334929381696e-01 2.132104551419166955e-03 2.975677257973926085e-02 -7.054011672952939689e-04 -2.129575760567355928e-03 9.999974836549705426e-01 5.557901839756598794e-02
9.998722057712635669e-01 -6.606839975766074478e-03 1.455753384479929052e-02 9.061773317602943578e+00 6.596795349741433646e-03 9.999779686497666242e-01 7.379066336080368927e-04 4.372766983858827894e-02 -1.456208835371792729e-02 -6.417792618278400987e-04 9.998937612077383186e-01 1.048657671753771281e-01
9.999016322585365657e-01 -1.397200836063546697e-02 -1.228327759465239807e-03 1.017754062656281633e+01 1.396331633475879005e-02 9.998792430066533177e-01 -6.820938452836405874e-03 7.433657273866700610e-02 1.323481639388572953e-03 6.803115963457961185e-03 9.999759827163540171e-01 -4.185162436519312967e-02
9.995263605533676321e-01 -2.948821179009285601e-02 8.803404134882194740e-03 1.142097847872542538e+01 2.957599700868785222e-02 9.995123725401940940e-01 -1.001386738549403174e-02 1.054803809267579190e-01 -8.503820310984904970e-03 1.026949387724646057e-02 9.999111073168572839e-01 7.532059246965894239e-02
9.982732777615639375e-01 -5.437697127675452519e-02 2.221728835727855914e-02 1.262514948116108471e+01 5.435732049526657145e-02 9.985204394048599053e-01 1.487884168994401454e-03 1.426156752417253870e-01 -2.226532316761481098e-02 -2.776427425392368397e-04 9.997520584118589904e-01 7.673365140176488519e-02
9.965853472283373593e-01 -8.111490087676687111e-02 1.542784967279821860e-02 1.371855472245792562e+01 8.120846888800298258e-02 9.966817561909765422e-01 -5.537278838651816908e-03 2.330126752469401097e-01 -1.492750048201065168e-02 6.771243004280167073e-03 9.998656509739378695e-01 -4.735166205564073083e-02
9.932703090522133627e-01 -1.158117373824918694e-01 1.317057238448851326e-03 1.496633367660343694e+01 1.158191879205822394e-01 9.931965122082456743e-01 -1.210800754843737066e-02 3.532495112922181546e-01 9.415273481883535290e-05 1.217906489944498884e-02 9.999258280059765136e-01 -1.596222507271802260e-03
9.866926851318394975e-01 -1.602674621238953656e-01 2.742053412474794449e-02 1.616935342471697723e+01 1.600856748195795820e-01 9.870646473566856427e-01 8.715426333895475580e-03 5.203976632841573746e-01 -2.846263910603748920e-02 -4.209812702186486316e-03 9.995859921248055890e-01 1.387293909729714336e-02
9.785050776625623392e-01 -2.043227788362079189e-01 2.792874929589251459e-02 1.727644482645173696e+01 2.041485857995328779e-01 9.788987007978353638e-01 8.982677349252241386e-03 7.214896227824812991e-01 -2.917478199804592054e-02 -3.087980725341648441e-03 9.995695555940098398e-01 -6.076719562245225248e-02
9.679367821888844592e-01 -2.511937487400352498e-01 -2.937341590521832385e-04 1.851670373085545052e+01 2.511773231729683142e-01 9.678856074258372910e-01 -1.036355448580035532e-02 1.022106664528654729e+00 2.887561166515738124e-03 9.957486221229584766e-03 9.999462537850040134e-01 -1.147193659356148809e-01
9.502374903792377703e-01 -3.095934649171424025e-01 3.464965163412282029e-02 1.971354793044510956e+01 3.093250370564851193e-01 9.508676242896274555e-01 1.299163299220285235e-02 1.361167772631498574e+00 -3.696935660478951197e-02 -1.627131954719605866e-03 9.993150749957842027e-01 -7.527283968244780077e-02
9.298130964410032950e-01 -3.662573513063439035e-01 3.609928393825673903e-02 2.080960801765869661e+01 3.658289991893169391e-01 9.305066501478506114e-01 1.806979199571347172e-02 1.761114911541871386e+00 -4.020881792512997349e-02 -3.595364332995755301e-03 9.991848299070481554e-01 -9.855115363085020785e-02
9.076134628721845843e-01 -4.185232110529403804e-01 3.280432628629409431e-02 2.181473629250528390e+01 4.182853575096958099e-01 9.082056635446087434e-01 1.413620877332479389e-02 2.186109425934366524e+00 -3.570940640990422077e-02 8.913559518857645803e-04 9.993618182512374881e-01 -1.364895386196219029e-01
8.828542242040536836e-01 -4.689750687337723711e-01 2.511580600363085003e-02 2.275660028337795637e+01 4.688066867058778842e-01 8.832111541143277123e-01 1.258363015564342713e-02 2.642370116930333523e+00 -2.808396882414160994e-02 6.649467577784619679e-04 9.996053463947128792e-01 -1.896296645553486870e-01
8.564256593446650800e-01 -5.155699090529293205e-01 2.688417555384473717e-02 2.367101060318971406e+01 5.154197360549956919e-01 8.568425689308574178e-01 1.277919218759109715e-02 3.151134021040193911e+00 -2.962407299907073022e-02 2.912206572868922955e-03 9.995568684931451786e-01 -2.285064641227597115e-01
8.287154313093226810e-01 -5.588680790810256482e-01 2.995336532157893278e-02 2.455044128459261898e+01 5.584932631720309626e-01 8.292565444235574512e-01 2.046603337623507587e-02 3.711739255622350964e+00 -3.627683697981361893e-02 -2.317649351450783157e-04 9.993417520466933990e-01 -2.314662593656373613e-01
8.027906962987551021e-01 -5.958774870821854641e-01 2.138032564719007100e-02 2.542135753861349556e+01 5.958099062061226192e-01 8.030619966376245644e-01 1.009877334349229376e-02 4.322796507113658926e+00 -2.318735868552782020e-02 4.631408534323184709e-03 9.997204091405641480e-01 -3.106034385111264839e-01
7.778148335086403353e-01 -6.279565934365823887e-01 2.597309248912980234e-02 2.627551141563978732e+01 6.277903918724784260e-01 7.782351834879938091e-01 1.514011406854532185e-02 4.996641762937600539e+00 -2.972050885375356055e-02 4.529452608363522537e-03 9.995479855477387154e-01 -3.213022715160775422e-01
7.553985561199084708e-01 -6.548723395514008949e-01 2.269890531352145718e-02 2.713033877510252623e+01 6.547539843179845942e-01 7.557243603825685163e-01 1.333833363212963245e-02 5.712443176896126573e+00 -2.588902145083535333e-02 4.786440726928504683e-03 9.996533641985534402e-01 -3.648995826260725828e-01
7.370652634526462244e-01 -6.754828476027676665e-01 2.139439192726776129e-02 2.798169853386793093e+01 6.753041012200682314e-01 7.373703489616647566e-01 1.579048281429249953e-02 6.459452077989078944e+00 -2.644179053765291498e-02 2.809104236032457236e-03 9.996464078095583794e-01 -3.923009426103473141e-01
7.231691170803894453e-01 -6.903379234307254197e-01 2.144713441287331851e-02 2.881863787323854709e+01 6.901866766607016590e-01 7.234762055507699685e-01 1.498437058791714759e-02 7.236549346971778540e+00 -2.586077070054209476e-02 3.966292376247003773e-03 9.996576859423229600e-01 -4.252850929919684830e-01
7.135823286100315688e-01 -7.002231852440314874e-01 2.208508868417383836e-02 2.963587043259796161e+01 7.000230051474163329e-01 7.139164500944540359e-01 1.706149316189562587e-02 8.029342123546729937e+00 -2.771376120026840251e-02 3.285290129612957258e-03 9.996105012998306449e-01 -4.613977951423152146e-01
7.084857459958036063e-01 -7.053144684639692796e-01 2.407173230488966753e-02 3.042079826490892813e+01 7.049486619876160765e-01 7.088940337069491449e-01 2.272956085279217303e-02 8.818230251118016838e+00 -3.309579554323366368e-02 8.657656031085692733e-04 9.994518091270239157e-01 -4.804747462511646527e-01
7.057160669578290690e-01 -7.079616394477010743e-01 2.747999104978467513e-02 3.112579199816741138e+01 7.074957320084340751e-01 7.062496991001721014e-01 2.571287052754424318e-02 9.515788288883575419e+00 -3.761146138377254727e-02 1.295990524458225449e-03 9.992915982740661063e-01 -4.799269420437871636e-01
7.055800694630171011e-01 -7.081773919936743544e-01 2.532877899942593408e-02 3.176029476108253746e+01 7.079495228991671274e-01 7.060181609523585866e-01 1.859648978412809309e-02 1.015999162681493218e+01 -3.105219160390425975e-02 4.810184454608643599e-03 9.995061898368149400e-01 -5.115383458531390648e-01
7.065102838454929701e-01 -7.074576512587424926e-01 1.862499653756510484e-02 3.238910392427955998e+01 7.073391739070478135e-01 7.067462225610925408e-01 1.345622354606577746e-02 1.078712192345581578e+01 -2.268285425284985099e-02 3.667229347883589272e-03 9.997359849239467744e-01 -5.692590731064649523e-01
7.081068537626814541e-01 -7.058420460030431220e-01 1.927925695026721717e-02 3.304546042248333748e+01 7.057982671718060486e-01 7.083401640166582247e-01 1.014978315678307166e-02 1.144265689293830413e+01 -2.082041574014256366e-02 6.420135130335482415e-03 9.997626179015275394e-01 -5.976485904384221115e-01
7.108040287852355199e-01 -7.031639101183411178e-01 1.783670849017861271e-02 3.374150221920918113e+01 7.030969171326812983e-01 7.110113584323869418e-01 1.084312218189147775e-02 1.212897641856191022e+01 -2.030659452487411365e-02 4.833599819739884534e-03 9.997821155289711159e-01 -6.284138446283894508e-01
7.163380637186649302e-01 -6.974266574452756551e-01 2.135031504460854421e-02 3.445564968710385756e+01 6.973336772754219481e-01 7.166330977853168083e-01 1.275718214020199991e-02 1.283931481092185756e+01 -2.419754130757192576e-02 5.749838548227000426e-03 9.996906613304625822e-01 -6.593831346887405465e-01
7.217552068803596566e-01 -6.917121420521693542e-01 2.457099669709700632e-02 3.517729425245420316e+01 6.916139353148468283e-01 7.221381134318394235e-01 1.366417240138695019e-02 1.353450906121157082e+01 -2.719532716111508833e-02 7.131456141875422428e-03 9.996047001259530385e-01 -6.666516282213028610e-01
7.261349635902650812e-01 -6.870768699762265230e-01 2.556148265332119224e-02 3.590182357410357383e+01 6.869450303518086498e-01 7.265542435714332781e-01 1.501520640201802620e-02 1.424707035986717685e+01 -2.888840471049363562e-02 6.656267123093278192e-03 9.995604805019397965e-01 -6.895624468729782963e-01
7.294170186034172332e-01 -6.838611634464296651e-01 1.687371036250334341e-02 3.658958388827747399e+01 6.835245419179961646e-01 7.295986021500221463e-01 2.191073564550415770e-02 1.486749292834224967e+01 -2.729493666406841365e-02 -4.448468323964222329e-03 9.996175256377186624e-01 -6.658520533357292770e-01
7.311505544509644405e-01 -6.820516993351565249e-01 1.497818947912812892e-02 3.725454547911482450e+01 6.820244711444506391e-01 7.312893474727835130e-01 7.649250483740361803e-03 1.551896568546679234e+01 -1.617057470159070226e-02 4.622738025882663568e-03 9.998585614010435663e-01 -7.456886652968122142e-01
