1.000000000000000000e+00 0.000000000000000000e+00 0.000000000000000000e+00 0.000000000000000000e+00 0.000000000000000000e+00 1.000000000000000000e+00 0.000000000000000000e+00 0.000000000000000000e+00 0.000000000000000000e+00 0.000000000000000000e+00 1.000000000000000000e+00 0.000000000000000000e+00
2.778966737090252659e-01 9.364743742802247306e-01 -2.139840766457203891e-01 7.724520326764744427e-02 -2.141656578442211467e-01 2.775511829124588381e-01 9.365353233402610167e-01 6.508212060396600940e-02 9.364328645138486618e-01 -2.144320106242462165e-01 2.776912009373571077e-01 1.174691302661573927e-01
9.768540459929573316e-01 -1.675136866307606331e-01 1.330238235000053004e-01 3.851259112549270114e-01 1.797762650471962653e-01 9.799250399836217928e-01 -8.618242592766461874e-02 -1.095429997493990448e-01 -1.159166396720913983e-01 1.081021776120559275e-01 9.873587250045761099e-01 2.468373962463535354e-01
6.004324768070068430e-01 7.304455314453013326e-01 -3.254691481338818360e-01 1.062544654439988578e-01 -3.311380297177359822e-01 5.975759149320114538e-01 7.302401188429907819e-01 1.234062411097601730e-01 7.278931556691952132e-01 -3.306846707737764457e-01 6.006822807817624454e-01 1.535835432307787740e-01
-2.816139841034164260e-01 8.601118797892173262e-01 4.253247208931779100e-01 -4.210978569525491988e-02 4.221106325481838173e-01 -2.870186544600479284e-01 8.599086613598654338e-01 7.276019798886035339e-03 8.616937842686187565e-01 4.216963910651863601e-01 -2.822339028455380650e-01 3.215718676884976590e-02
1.807022755386245016e-02 -1.865849642503381034e-02 9.996626067765609358e-01 -6.246579914661970490e-02 9.995873966542163647e-01 2.266407974184314611e-02 -1.764584765609594763e-02 -3.265640904194877514e-02 -2.232718804951494551e-02 9.995690071228764406e-01 1.906034294521541383e-02 -1.102666857555820168e-03
6.050859453506808316e-01 7.271644297154516989e-01 -3.241957601445072390e-01 1.278258857289581996e-01 -3.347819813027504976e-01 6.018360658618905346e-01 7.250616351889590527e-01 1.393180878474519768e-01 7.223517313152075792e-01 -3.301897060546924445e-01 6.076040933712001380e-01 1.667368671408167302e-01
9.870894595659026605e-01 1.182536464714893931e-01 -1.080299676482880528e-01 1.189279232568248579e-01 -1.050047119271695362e-01 9.870775749867000126e-01 1.210449149343649500e-01 7.937386597288437207e-02 1.209479610699837199e-01 -1.081385040333530390e-01 9.867510601253196567e-01 1.022747692182891799e-01
2.520578822434027533e-02 -2.087771468251031770e-02 9.994642511213822633e-01 9.737038784228291277e-02 9.993735540525821026e-01 2.537157957763402916e-02 -2.467351636971587547e-02 1.558572707946570546e-01 -2.484286014734538028e-02 9.994600562200430804e-01 2.150414658450694461e-02 1.691160558050365248e-01
-1.071688978223794830e-01 1.211019438887048216e-01 9.868379535293081428e-01 1.194525675238287954e-01 9.871719834297054685e-01 -1.051867332055160809e-01 1.201133892994968311e-01 1.550385049117897207e-01 1.183482254661948896e-01 9.870511994541764089e-01 -1.082756998826335249e-01 1.765277699602974815e-01
5.319430301819649820e-01 7.854228863879928468e-01 -3.164609015009332560e-01 -5.830958878944622614e-02 -3.178392945911146517e-01 5.315945620956510353e-01 7.851021617370288475e-01 -5.754113628418117132e-02 7.848661003347334741e-01 -3.170459132180814543e-01 5.324162783546920741e-01 -3.588420228116007138e-02
5.971235336802019900e-01 7.359537032436613835e-01 -3.190856189288531208e-01 -1.411575077908503451e-01 -3.369906218466280357e-01 5.911381956805886739e-01 7.327980311074264730e-01 -4.328884514609687706e-02 7.279291217644006107e-01 -3.300420886636106221e-01 6.009920244045421356e-01 -4.707583890245750635e-02
-3.335244699875508090e-01 7.061838209893388507e-01 6.245525109167533451e-01 -1.463710013885801131e-01 6.245748030025209951e-01 -3.307194842575631455e-01 7.074821115666276583e-01 -1.553635588711182458e-01 7.061641051298812588e-01 6.260423577564935282e-01 -3.307615801764240970e-01 -1.024428944393199759e-01
6.280590677016909540e-01 7.053270315029133153e-01 -3.287180951955205876e-01 -2.887816874037288928e-01 -3.375043335497825980e-01 6.275301357930900270e-01 7.016386203072229044e-01 -2.424268961768394071e-01 7.011651961647840103e-01 -3.297267160889369997e-01 6.321769217429608068e-01 -2.572129659508669564e-01
-3.304085435629469103e-01 6.892775633105890920e-01 6.447686678625362822e-01 -3.073692789595193764e-01 6.387408245005358198e-01 -3.396378913262971810e-01 6.904029706568494129e-01 -1.990642436479084787e-01 6.948671480628424435e-01 6.399551105288899810e-01 -3.280504580868139897e-01 -2.429218003070497400e-01
9.445499031191668671e-01 2.621525827044378643e-01 -1.977410020682747183e-01 -2.573114554924300634e-01 -2.073270876820253739e-01 9.430989013057330395e-01 2.599614222710918687e-01 -2.150113121095931501e-01 2.546388800455702817e-01 -2.045494701467398813e-01 9.451553073605551969e-01 -1.910567853659127791e-01
4.136924584289569662e-01 8.684239843999767006e-01 -2.733099580291120656e-01 -2.565626019690424031e-01 -2.800550646795453291e-01 4.070339353628298351e-01 8.694208050250371578e-01 -2.288359895974889369e-01 8.662723074105171950e-01 -2.831309922666836454e-01 4.115934045046660827e-01 -1.757584838284399209e-01
-2.583774998968408898e-01 3.730297541264153138e-01 8.911172033371616008e-01 -2.722126212164410197e-01 8.908178361175709270e-01 -2.648732011923868868e-01 3.691690265243086633e-01 -1.935872721818372999e-01 3.737440974809721483e-01 8.892080689166532714e-01 -2.638642828646009519e-01 -1.869222569102872988e-01
4.894459606991203859e-01 -3.037984938464842188e-01 8.174038944682873176e-01 -2.964966462190068985e-01 8.162584901618368249e-01 4.894552676609580377e-01 -3.068478746833006032e-01 -2.446878323499836472e-01 -3.068627197853036059e-01 8.173983215639408773e-01 4.875400036001340531e-01 -2.407596223208708364e-01
1.813633950763684499e-01 -1.358725208233988457e-01 9.739845876662878155e-01 -3.316488565615447470e-01 9.655841144193013648e-01 2.123551528141449651e-01 -1.501752544674892498e-01 -3.534053841899532644e-01 -1.864259555627035270e-01 9.677003395464820468e-01 1.697097991695137864e-01 -1.647767525786835718e-01
6.731182251028071661e-01 -3.210953350905240145e-01 6.661903938196276354e-01 -3.621962661982534581e-01 6.451039481260316677e-01 6.953998111327837073e-01 -3.166385933342539261e-01 -3.838068049414287142e-01 -3.615974988113894173e-01 6.428972612008803100e-01 6.752261549982748745e-01 -2.490247341052977958e-01
2.499067966140522401e-02 -8.194468413083022540e-03 9.996540984848147904e-01 -3.824723618006469761e-01 9.979513293709598720e-01 5.911582136665405329e-02 -2.446352122814010599e-02 -4.285696496170844916e-01 -5.889490756249510239e-02 9.982174965164518632e-01 9.655025201019462600e-03 -2.087731014525450179e-01
-3.870770202119944159e-02 5.579144215096726311e-02 9.976918506166890799e-01 -3.614096584644141963e-01 9.992417569146812006e-01 -2.033654776334437031e-03 3.888155714875701774e-02 -4.299927724609602375e-01 4.198218943720744001e-03 9.984403733979141382e-01 -5.567042057264015575e-02 -1.838237711178803135e-01
1.721527925066673737e-01 -1.299046764113260810e-01 9.764671991821460839e-01 -2.806680032916774592e-01 9.684291212447384556e-01 2.037540112107933954e-01 -1.436291754507263430e-01 -3.079903225881701623e-01 -1.803010070889787819e-01 9.703654352675492589e-01 1.608802936369755354e-01 -1.197167005692910680e-01
-5.567950644743602240e-02 7.998424984461616205e-02 9.952398265436147584e-01 -2.752906721493911801e-01 9.977983746802010501e-01 -3.151299454338252204e-02 5.835524535513753053e-02 -2.788367195303287360e-01 3.603048774745498672e-02 9.962978726022169162e-01 -7.805352651211716619e-02 -1.179422620476807404e-01
1.076215093559721447e-01 9.914929240307729374e-01 -7.320787062092559694e-02 -2.890759143607495307e-01 -5.930559393929157874e-02 7.990683838263068495e-02 9.950365539552805672e-01 -2.612331114695466416e-01 9.924215118846679839e-01 -1.027456995528275852e-01 6.740077130085242452e-02 -1.427051334598876398e-01
-2.325831096041555135e-01 3.411167559648694558e-01 9.107933113099073719e-01 -2.958318630695646601e-01 9.227711164570974178e-01 -2.184410546611199599e-01 3.174538899920117951e-01 -2.897095638549315733e-01 3.072434926233331143e-01 9.142881736293770878e-01 -2.639669899856316171e-01 -1.470630022098366185e-01
-8.942703269503482488e-02 1.211466188653859688e-01 9.885981501908884805e-01 -3.317238562123071000e-01 9.930673042948396922e-01 -6.518256641191411127e-02 9.781902768141315097e-02 -3.417415052711621493e-01 7.628980904381571504e-02 9.904921654275927745e-01 -1.144776627234189714e-01 -1.549016935896300740e-01
-7.359406909459131896e-02 1.012419947332668935e-01 9.921360650115135238e-01 -2.874256139444121838e-01 9.956050139808153565e-01 -5.031763443847658834e-02 7.898602281908434497e-02 -2.886746886569639958e-01 5.791864233872912049e-02 9.935885436975133711e-01 -9.709395811631837958e-02 -1.287826933011060881e-01
9.377651416847482269e-01 -1.994173934572268658e-01 2.843048403170610472e-01 -2.536553496840300292e-01 2.576583955935723980e-01 9.484339689204691615e-01 -1.846216611828434273e-01 -2.568521586010233948e-01 -2.328275976363844979e-01 2.463852872727834986e-01 9.407898808949731739e-01 -1.290587669948303207e-01
-6.030306889986558616e-02 8.433881765507555972e-02 9.946107297419439774e-01 -3.490865893864645297e-01 9.973345723070040636e-01 -3.591353651676132408e-02 6.351353222790312447e-02 -3.624257083033736171e-01 4.107664497574875506e-02 9.957897276691517474e-01 -8.194832216789516011e-02 -1.924657010404222102e-01
-2.040122136869890745e-01 2.906265308769714895e-01 9.348343362419628821e-01 -3.954743224105028432e-01 9.468712821642146782e-01 -1.839363862039604669e-01 2.638222523649660367e-01 -4.046120918999655536e-01 2.486237954807035688e-01 9.389907482934241045e-01 -2.376606465953607916e-01 -1.920467584141224981e-01
7.018917882671187325e-01 -3.151625458183836548e-01 6.387648137432598849e-01 -4.038879708677678426e-01 6.107792977657910960e-01 7.276967134797807102e-01 -3.120995716297172429e-01 -4.020364013079095189e-01 -3.664649601038457716e-01 6.092044508241886147e-01 7.032591059574596626e-01 -1.991652437920870544e-01
9.609466626345235518e-01 2.262189522081162196e-01 -1.593941568359181493e-01 -4.039222161783005416e-01 -1.814774986281220137e-01 9.499804969187315429e-01 2.541711489640787192e-01 -4.072600999242023123e-01 2.089196713171146691e-01 -2.153184644564927475e-01 9.539342376709448734e-01 -2.079256395872376151e-01
2.104700906529586302e-01 9.653066937338696807e-01 -1.545487883262778861e-01 -3.425324270772129864e-01 -1.383302116314863994e-01 1.859062587162875202e-01 9.727813811541117239e-01 -3.655431540373785815e-01 9.677639657946164320e-01 -1.833626188804524659e-01 1.726587863584658766e-01 -1.903691792422955720e-01
-1.551152249807667971e-01 2.085828281747265089e-01 9.656254298483439857e-01 -3.236982379833289181e-01 9.739132188884996877e-01 -1.315894480260619837e-01 1.848709258981467429e-01 -3.469534362652786919e-01 1.656270178847878416e-01 9.691116658872853673e-01 -1.827300467568575559e-01 -1.487491039909175639e-01
6.640439711815968593e-01 -3.173792564031746588e-01 6.769904075704045177e-01 -2.889604190236225723e-01 6.519574782905601662e-01 6.890653522200341774e-01 -3.164496592996963731e-01 -2.846395642572676077e-01 -3.660560760845096850e-01 6.515054473869332785e-01 6.644874725581841890e-01 -1.246164635207451798e-01
5.354473236605923336e-01 7.884889201251454871e-01 -3.026241669539810331e-01 -2.211571086927764940e-01 -2.945733986071101818e-01 5.101721993447049242e-01 8.080537357433870138e-01 -2.731423060526384505e-01 7.915318543291642861e-01 -3.435251808174604737e-01 5.054381997104746560e-01 -8.007809149962427653e-02
-2.034429378757485196e-02 4.029019426248292568e-02 9.989808856812907312e-01 -2.772627911555724523e-01 9.997451864411108780e-01 1.059508498618400019e-02 1.993254529566984568e-02 -3.115327792765523740e-01 -9.781201261258309909e-03 9.991318453639774777e-01 -4.049547729635794013e-02 -9.415919848578013784e-02
-4.705276620018761236e-02 7.214704646703345992e-02 9.962835143065422727e-01 -3.375536401616412441e-01 9.985035680209992659e-01 -2.442952786820318245e-02 4.892670863107556611e-02 -3.245237454731124682e-01 2.786865339846844591e-02 9.970947807777454930e-01 -7.088960645634623248e-02 -1.672356811270367671e-01
